4.683470551663316828e-01 4.197038216022968005e-01
4.689688641250088219e-01 4.205849633810149202e-01
4.701409099563072513e-01 4.152365274825167152e-01
4.727339576402183607e-01 4.059163873012101575e-01
4.731622902632485750e-01 4.070358660267239248e-01
4.746808523806231861e-01 4.139978807157024265e-01
4.732767035147901202e-01 4.229665839240801528e-01
4.733330810946643763e-01 4.309703952037574615e-01
4.736268825370680280e-01 4.360680074617391266e-01
4.738294322721050555e-01 4.364404154850168860e-01
4.740477076928937272e-01 4.392683060869309042e-01
4.756994781748993262e-01 4.457520086416713045e-01
4.762364991402869840e-01 4.517917471209584868e-01
4.778361285089894328e-01 4.559899891553476081e-01
4.783020967789151645e-01 4.612085902769439416e-01
4.777889888147364705e-01 4.642576189715850177e-01
4.786170607223552698e-01 4.704142472565950861e-01
4.778672540678042813e-01 4.746241082190725269e-01
4.789248220695362934e-01 4.797249657306985604e-01
4.789157794905428700e-01 4.824314243785138290e-01
4.790226491257011388e-01 4.837761502916305689e-01
4.789415656901628293e-01 4.940541371925757375e-01
4.795933932412907441e-01 4.945928535683586924e-01
4.782440623987750383e-01 4.949491395537714000e-01
4.788829778594245745e-01 4.986258975022993534e-01
4.786160598216133155e-01 4.994199801739173106e-01
4.789444028756896232e-01 4.995697031470655025e-01
4.788113523197491395e-01 4.972655757035171487e-01
4.793199350110559642e-01 4.991394356047327285e-01
4.807092471457597438e-01 4.995520181018195949e-01
4.802954251166006161e-01 5.026783364853973923e-01
4.786367246030284184e-01 5.066222286030033217e-01
4.771149513313909241e-01 5.073972271081401697e-01
4.771541376917246557e-01 5.099824472852747537e-01
4.765099641432655742e-01 5.153424232968513152e-01
4.761387331871513307e-01 5.167775090174437924e-01
4.763298871890707664e-01 5.166222173786552130e-01
4.759961393459836154e-01 5.177831712262601638e-01
4.749412386897374772e-01 5.187904763144260967e-01
4.756300580230775621e-01 5.203286641017796921e-01
4.881120222272491982e-01 5.619324990213554472e-01
4.885036339882951606e-01 5.700377986934550556e-01
4.884151504136173827e-01 5.748284079018799453e-01
4.877818135910316211e-01 5.759785153266345770e-01
4.881581116439491774e-01 5.805682627056889533e-01
4.885118537391396343e-01 5.809395426017027741e-01
4.885703379660206735e-01 5.824125756216593786e-01
4.885753904220952459e-01 5.827190277787914763e-01
4.891603615257624216e-01 5.817466945103308973e-01
4.902965793416826368e-01 5.795614051814328427e-01
4.911779425690472323e-01 5.786226073379303614e-01
4.913897919683872795e-01 5.782045339155625907e-01
4.926444676054016480e-01 5.756221780081873796e-01
4.929734980535255273e-01 5.742225264643385785e-01
4.943755624892740563e-01 5.739965971864617877e-01
4.959470709699691504e-01 5.726571602626218116e-01
4.979825724250914187e-01 5.725598340856186130e-01
4.999687334037912767e-01 5.737214719878580560e-01
5.020448827091015254e-01 5.770975292158579961e-01
5.031153466491866677e-01 5.801089439381823532e-01
5.035794352385635220e-01 5.810213451678991614e-01
5.035500782082735771e-01 5.842807591467799044e-01
5.039212995771841230e-01 5.865204507515503485e-01
5.040378290304985409e-01 5.881341488840348131e-01
5.041047480332442321e-01 5.902798553607249143e-01
5.030359670212257717e-01 6.145828547010353526e-01
5.029795885446481929e-01 6.188784446839077358e-01
5.023740956925457635e-01 6.187976372369456968e-01
5.020450841598734781e-01 6.173723418951690967e-01
5.021826056579079545e-01 6.145238521482416783e-01
4.795425628361247306e-01 6.336006426900000488e-01
4.751405386342067994e-01 6.359419421345000600e-01
4.752955880483032414e-01 6.398533413688314297e-01
4.735906287226187561e-01 6.331790411953686082e-01
4.720416717490850678e-01 6.359071756821581545e-01
4.712373731520462239e-01 6.356145327683013768e-01
4.715155866385422057e-01 6.378701550094991735e-01
4.711460850336789408e-01 6.378653296951806162e-01
4.717436031923311068e-01 6.395619614430557709e-01
4.712491573614522866e-01 6.372674470496287880e-01
4.706523884611210629e-01 6.329952306181859667e-01
4.694640579941431469e-01 6.296825006053772267e-01
5.532420550524819181e-01 5.508254168808036644e-01
6.419074634976720262e-01 4.584066818277677813e-01
6.679621973477954944e-01 4.331937474291209789e-01
6.649121806962133840e-01 4.331067029421348247e-01
6.605435491164937112e-01 4.302853585472468101e-01
6.555729181705373110e-01 4.303428054813115411e-01
6.496932109003231703e-01 4.375657949562714588e-01
6.655808299911288861e-01 4.477401449954175883e-01
6.689734958478820159e-01 4.641769905326478263e-01
6.611576089874262596e-01 4.741738973714821892e-01
6.513505884470967011e-01 4.876423692969855672e-01
6.447705738321752866e-01 4.950285359477218927e-01
6.360128952868298047e-01 5.010006714954339246e-01
6.281306067430257878e-01 5.034123515645583247e-01
6.217968072431185877e-01 5.020804917987173877e-01
6.143402747651268703e-01 4.992318796246619783e-01
6.077430377909132098e-01 4.984451607876996260e-01
6.011795762680631761e-01 4.884351691874238011e-01
5.951749892275192133e-01 4.821013283306559982e-01
5.911660514458132454e-01 4.747837732837567604e-01
5.879214441229240196e-01 4.677642680028436528e-01
5.846837403877309658e-01 4.555898903710925429e-01
5.822940968007428442e-01 4.528704369622990056e-01
5.799276093437175650e-01 4.557104544311701977e-01
5.655926063865537312e-01 4.801612871665974502e-01
5.604762182219968913e-01 4.862930959310116652e-01
5.592203504782278234e-01 4.792168671345383713e-01
5.579090646437618872e-01 4.722708720592838638e-01
5.569081893899087143e-01 4.776152469457868310e-01
5.580378060944589658e-01 4.439554136547366747e-01
5.580683536920505450e-01 4.367899849623749775e-01
5.588961466483463036e-01 4.305844474638126362e-01
5.581742273940955013e-01 4.457354361783431029e-01
5.595710992918514481e-01 4.221239393943168050e-01
5.608726891710371643e-01 4.205314920617783114e-01
5.611982925961627178e-01 4.156150010465967659e-01
5.621064357142065981e-01 4.057877868637949081e-01
5.630023643596872018e-01 4.045856895992627766e-01
5.632670551905294420e-01 3.983435626244846706e-01
5.640241574207717212e-01 4.008228342625610452e-01
5.649144744085783376e-01 3.963926952617312649e-01
5.648751298413501321e-01 4.655767662376936178e-01
5.620589272659551883e-01 6.007464545700436087e-01
5.624468626443659414e-01 6.902648654043179732e-01
5.638546337193510727e-01 6.761138237665997863e-01
5.621853545753388026e-01 6.573167713296281800e-01
5.615993854355401105e-01 6.416874166792945200e-01
5.605686306011494757e-01 6.232201113132963544e-01
5.606101623055548266e-01 6.117274852049121581e-01
5.784249874703790706e-01 6.567501419598436030e-01
5.826694007698425271e-01 6.636665521325937345e-01
5.815103632578090265e-01 6.516343053179167732e-01
5.813428485021537861e-01 6.489013376866458183e-01
5.806762482707081841e-01 6.469706937762879084e-01
5.843167908644870678e-01 6.466382047913601383e-01
5.848654467179866812e-01 6.475139153045723628e-01
5.854794841257937588e-01 6.413960117094577029e-01
5.858859589601377316e-01 6.451020219710529302e-01
5.847951848907900763e-01 6.483437807588852131e-01
5.782927668246166109e-01 6.325795726707388322e-01
5.544310894215246366e-01 6.629392377362168798e-01
5.508808511330071100e-01 6.558201552573479365e-01
5.481042278224672604e-01 6.573848647778746113e-01
5.448047094059378370e-01 6.546579904032691077e-01
5.422331550653205490e-01 6.508956126631442185e-01
5.395248787817841229e-01 6.533189600924251828e-01
5.375371404406006359e-01 6.580241952820813367e-01
5.352319170539202586e-01 6.560622485188296604e-01
5.337456527478735557e-01 6.583368301294328928e-01
5.316091344899004367e-01 6.556823426703282109e-01
5.291293659193903043e-01 6.540119393856574925e-01
5.280577593012235615e-01 6.533534980061153075e-01
5.218085112655723723e-01 6.595624438038022452e-01
5.217202357263792667e-01 6.605483883812275359e-01
5.214143145537060153e-01 6.623220571088422881e-01
5.220079694182513386e-01 6.637504898195100145e-01
5.216055931585763528e-01 6.640735446982539703e-01
5.218348883521879422e-01 6.682707293360257150e-01
5.229146136034497072e-01 6.739406304878265974e-01
5.228533710553383562e-01 6.670337315972267866e-01
5.232330743681898877e-01 6.648904817175687043e-01
5.229642518692581010e-01 6.636744304005237627e-01
5.226777724233462319e-01 6.624084285697191543e-01
5.226346234048416806e-01 6.620112246860078153e-01
5.228145076095226385e-01 6.638820196977316401e-01
5.228785786716130257e-01 6.613281213101069866e-01
5.235424270012730696e-01 6.634709943688279488e-01
5.239947937361308927e-01 6.611210281488228979e-01
5.253703880434795748e-01 6.590283525200455461e-01
5.255659873949858341e-01 6.603371835497289233e-01
5.264034132424306733e-01 6.581615631108121978e-01
5.286975210298551220e-01 6.662897522149116014e-01
5.311963696508273935e-01 6.695130495582293229e-01
5.345627334637754746e-01 6.664432389846911553e-01
5.416976802860047346e-01 6.802507103945452105e-01
5.504322923167155324e-01 6.852663589441158054e-01
5.587883228576001615e-01 6.791544355296789126e-01
5.658258245777395556e-01 6.833010120048335079e-01
5.729147007832099403e-01 6.812070590478960241e-01
5.793687673165812679e-01 6.767485099210592825e-01
5.866842801247698080e-01 6.793018516698172693e-01
5.920809534189769296e-01 6.725818602465750695e-01
5.746411737341267090e-01 6.632231610646828202e-01
4.323760630752198075e-01 6.894814811985794378e-01
4.176649366531391405e-01 6.749366650205166351e-01
4.227509166183600620e-01 6.772428167054818093e-01
4.298217834704825546e-01 6.786001611907370723e-01
4.381180457471244294e-01 6.757582492069194036e-01
4.469656998355632238e-01 6.789953439382391265e-01
4.555776537250631475e-01 6.755705737610913086e-01
4.749486242045122819e-01 6.763165525594543315e-01
4.842312161051927077e-01 6.805327097446088880e-01
4.915515725831093863e-01 6.811780557530309199e-01
4.996061904840128354e-01 6.817251624804667731e-01
5.070647648599162505e-01 6.845753167779161652e-01
5.140834609357355367e-01 6.834356564291774738e-01
5.200189567041532124e-01 6.850137584794732115e-01
5.240863901208473452e-01 6.796332049787390250e-01
5.284502984598169473e-01 6.742320758281807880e-01
5.301497590613213351e-01 6.613578381692293284e-01
5.322021441682410758e-01 6.535302789492271058e-01
5.341077651328551834e-01 6.561206568876774003e-01
5.366573838480346303e-01 6.529086167248669970e-01
5.404702890006047866e-01 6.502141978853503979e-01
5.444360546390439870e-01 6.432747868987502837e-01
5.486594599261329641e-01 6.411313844635033732e-01
5.513544462181234618e-01 6.350082617331531676e-01
5.526862046359696246e-01 6.264995955418646290e-01
5.536109748871939074e-01 6.210732076055653916e-01
5.547202569136364669e-01 6.224703496463146468e-01
5.563328683629099602e-01 6.232715712546520459e-01
5.582302523454806265e-01 6.286645238979019501e-01
5.575649644109660352e-01 6.280633134975572851e-01
5.574800104321375738e-01 6.287201835571065711e-01
5.583324217339529216e-01 6.313288797988994006e-01
5.604722739501774020e-01 6.322321975855402787e-01
5.623815186095985075e-01 6.371684827401935536e-01
5.650566333780344674e-01 6.477572764267632843e-01
5.658576992602935007e-01 6.554823518983496911e-01
5.661228563210146669e-01 6.555743417853148181e-01
5.666841776572286715e-01 6.587123506094827441e-01
5.669064483329738779e-01 6.576283703968680561e-01
5.676660085045013293e-01 6.546180085689188299e-01
5.685497078385812753e-01 6.545781249208899588e-01
5.676259343740475138e-01 6.527831752485016015e-01
5.676265321608857661e-01 6.542511054192797770e-01
5.669447213742374592e-01 6.547248356510522171e-01
5.681728784610085015e-01 6.638267769372132587e-01
5.676651478636334236e-01 6.697542284361235332e-01
5.682946315391493863e-01 6.706800117779618819e-01
5.680754158351112304e-01 6.740230971761491663e-01
5.678294429333946569e-01 6.749356450053689560e-01
4.919170949478653410e-01 6.923304946093273848e-01
4.557645040017049287e-01 6.969974377092506002e-01
4.576123127270707025e-01 6.976103724073074996e-01
4.603501565310225141e-01 7.025534677849269993e-01
4.614512029438921914e-01 7.002866138262910933e-01
4.638630159371855410e-01 7.075329455741881102e-01
4.665455789882416715e-01 7.078770571725352401e-01
4.241153322816753612e-01 7.110241925645977012e-01
3.947075693811485930e-01 7.134307070684990926e-01
3.990599006871350385e-01 7.231339566521595152e-01
4.041177885016876137e-01 7.200693443315155928e-01
4.088204547610686523e-01 7.226842568118729826e-01
4.137540916806156099e-01 7.145531306474455224e-01
4.197000558332926734e-01 7.221410881929394288e-01
4.255625683822746308e-01 7.186702515048466466e-01
4.306522676374484604e-01 7.185802760059496475e-01
4.354611968047500947e-01 7.208896398526177807e-01
4.397230429891816894e-01 7.320658923088355641e-01
4.414216761598758754e-01 7.282301491688749628e-01
4.447555968675765969e-01 7.276090136773198935e-01
4.451940046952748697e-01 7.307902134565453789e-01
4.488075828077323637e-01 7.162205299886263976e-01
4.537033555387758321e-01 7.147835158666797639e-01
4.561068851622501752e-01 7.128190044150621851e-01
4.584247158041337977e-01 7.141395622491615303e-01
4.613221400593821575e-01 7.208506067783683191e-01
4.627578519644314214e-01 7.206937034362543848e-01
4.642828922527352242e-01 7.179870032659485535e-01
4.517046327208575351e-01 7.154694105653282010e-01
4.543663797370475765e-01 7.092939785752861992e-01
4.580709005888095042e-01 7.071577368188924906e-01
4.615015650727617436e-01 7.089981464287112845e-01
4.664598648598069497e-01 7.067103145873532277e-01
4.710331566533770831e-01 7.056750043813683204e-01
4.754784656975862278e-01 7.044759771254247571e-01
4.820819434358696864e-01 7.101497357014723288e-01
4.869873230948358334e-01 7.138253091678298246e-01
4.918967156621293912e-01 7.125726087725923197e-01
4.953366599651974345e-01 7.117371123277040912e-01
4.168870622020875993e-01 7.295469896803714605e-01
4.176398416380274203e-01 7.244212606619453432e-01
4.239457875734215508e-01 7.364775450924521127e-01
4.293123625161106571e-01 7.371540379126604314e-01
4.338349022999802851e-01 7.240693237602815469e-01
4.399628924752353454e-01 7.294340938178089928e-01
4.440956687482051635e-01 7.234082320302464009e-01
4.479884379381588455e-01 7.189871064830437586e-01
4.511552614161643548e-01 7.237440776412189525e-01
4.528251180982677537e-01 7.112196166458486513e-01
4.544744352664278897e-01 6.980744399170576431e-01
4.584608580773590347e-01 6.975752566944619648e-01
4.622286267077136968e-01 6.991641892018614080e-01
4.662775521018314717e-01 7.046229137381362362e-01
4.700567384434641838e-01 7.123004092906386475e-01
4.732708693029167302e-01 7.076180043604785030e-01
4.775688537702105774e-01 7.107514788457194310e-01
4.816828814142289916e-01 7.101417930404777534e-01
4.854351387746608237e-01 7.072427218635843893e-01
4.862842365475256168e-01 7.017501295115867732e-01
3.927309572483741462e-01 6.476761790127500973e-01
3.831459030530618426e-01 6.448258273221157966e-01
3.885386555666794917e-01 6.651370425831778510e-01
3.931866077940077142e-01 6.713647533959090641e-01
3.980144626838936217e-01 6.808691000846964769e-01
4.027650498946734325e-01 6.907512267851017018e-01
4.035951129814542848e-01 6.967464282208544191e-01
3.360177437106123266e-01 6.429580348904033738e-01
3.402021467195582294e-01 6.463375500307819710e-01
3.446860596355726947e-01 6.545181239870316858e-01
3.491271672447439078e-01 6.637808624725806128e-01
3.525249159744243133e-01 6.648318561906103596e-01
3.572204453996864482e-01 6.751477223121814530e-01
3.629714367827862054e-01 6.779889296050086722e-01
3.703101323752854834e-01 6.854398038609917920e-01
3.823399387403524363e-01 6.884541137910880071e-01
3.963582681163660970e-01 6.931464394100093074e-01
4.135404054737197299e-01 6.886630034592325922e-01
4.355831844269203446e-01 7.087090792050823040e-01
2.256718946271437376e-01 6.332994879007527445e-01
2.209467908792586976e-01 5.854241308113521391e-01
2.234819969090615643e-01 5.248876706326965902e-01
2.300217249016517640e-01 5.333779716683331173e-01
2.729569519115288001e-01 5.401753131505251382e-01
2.961395091078449782e-01 5.490223270318039805e-01
3.169828744122403785e-01 5.624951639477470122e-01
3.357700735650704926e-01 5.656799363310374140e-01
2.892192106546414010e-01 5.134811139626371812e-01
2.772389894131205290e-01 7.595744584613943751e-01
2.201368365411858485e-01 7.280601701460670538e-01
2.042487489379691268e-01 4.284175917518447951e-01
2.090226257185525682e-01 4.342939225924928870e-01
2.212692345570806407e-01 4.222734778411656453e-01
2.374906822118257321e-01 4.278072867770265075e-01
2.607873575244061826e-01 4.264004843229015629e-01
2.802787385318904478e-01 4.262068222897686942e-01
2.964363818115255400e-01 4.372904204431646846e-01
2.875736761809293829e-01 4.323192473221655341e-01
2.517208494958022014e-01 4.000939140183399356e-01
2.646038183946062827e-01 4.044735189640454864e-01
2.792890515955165909e-01 4.071335394805224439e-01
2.939864209078744128e-01 4.093526139863546964e-01
3.077590748512818442e-01 4.168823517497314279e-01
3.217776605724865790e-01 4.182600402346962065e-01
3.366564069002101478e-01 4.300518909434097869e-01
3.509677006596923499e-01 4.282610760092010471e-01
3.653976733534124999e-01 4.199996459083189526e-01
3.770572090601526094e-01 4.281371540702627598e-01
3.875347498967355864e-01 4.369068468002575978e-01
3.961857846816343454e-01 4.415545203952030429e-01
4.032432935026032395e-01 4.462275155343196076e-01
3.978553068035061702e-01 4.395670310745498632e-01
3.816450006979232312e-01 4.225396483578502949e-01
3.889093496436787367e-01 4.098490173124882396e-01
3.946067937867053788e-01 4.081555105391944105e-01
4.002605400603957975e-01 4.065004721439817725e-01
4.056115147177196123e-01 4.016185699805053799e-01
4.099315684025159889e-01 4.085746156585727817e-01
4.148315444057056323e-01 4.080277587136891260e-01
4.183022875239631455e-01 4.165149107554790842e-01
4.218727433959998940e-01 4.184819435374410590e-01
4.244642186978204168e-01 4.192056539166011397e-01
4.255499669271048946e-01 4.238971583821259381e-01
4.263932548700246628e-01 4.285739843680526073e-01
4.114016785752979688e-01 4.266871771471606456e-01
4.095027401751417107e-01 4.271090507042761830e-01
4.118230625178024296e-01 4.264035196103241887e-01
4.141692384847927566e-01 4.287304106249260061e-01
4.159352006548541203e-01 4.314679889777728317e-01
4.173369400199767876e-01 4.331895892161649053e-01
4.181877786085751447e-01 4.342952748573019051e-01
4.188321465569530000e-01 4.302083027634420187e-01
4.197632759852409912e-01 4.315054886534681611e-01
4.203269481216754255e-01 4.350460051210710555e-01
4.200801192863868883e-01 4.406325682533752675e-01
4.201875488315621188e-01 4.396718161764804345e-01
4.191349356063752696e-01 4.436153814680044993e-01
4.186478288211873400e-01 4.418798551747579184e-01
4.177392425036066115e-01 4.453977182436120730e-01
4.174902046603344852e-01 4.446204998524124763e-01
4.168275575466851568e-01 4.436128776217159730e-01
4.162414019963048273e-01 4.434205432930574675e-01
4.151610292906732225e-01 4.423205953105870947e-01
4.138271782422673906e-01 4.409757175281903141e-01
4.123369249153044924e-01 4.419215703463980072e-01
4.112093827934823476e-01 4.399394221583792230e-01
4.098176251582202889e-01 4.386665710376362881e-01
4.323165735266029097e-01 4.503799793604964519e-01
5.268949241942070261e-01 4.739814855414312689e-01
5.299636503427073153e-01 4.686817281021540271e-01
5.286727911512577593e-01 4.652567090695787222e-01
5.270366686407396140e-01 4.642616153078155117e-01
5.254312288488705018e-01 4.693709055948047659e-01
5.228557796604940133e-01 4.690406835393826634e-01
5.195152233630779826e-01 4.605918350465271205e-01
5.169476511278285891e-01 4.489612688968099841e-01
5.155594797190756751e-01 4.364594147127972557e-01
5.124180762563311786e-01 4.288166353342650616e-01
5.085966546481346384e-01 4.269414841508140102e-01
5.063533858636827256e-01 4.232810122567247646e-01
5.020464206864208023e-01 4.249666721038987127e-01
4.980998409549218797e-01 4.251762542684068835e-01
4.943383865041749425e-01 4.162429022957520042e-01
4.916407143939994784e-01 4.142885001029884551e-01
4.894284569065342483e-01 4.033336594832732658e-01
4.886009376712334706e-01 3.909303265990432541e-01
4.864386519297362876e-01 3.746242476396987042e-01
4.844579797882464511e-01 3.699351410603296531e-01
4.835451890453233981e-01 3.560621801231965700e-01
5.016676711368547315e-01 4.289271680485132743e-01
5.039246875979428442e-01 4.192687982755332055e-01
5.018821951619831800e-01 4.073648343473961209e-01
4.991194320884805302e-01 4.033257014488335068e-01
4.949924370633970172e-01 4.003166065232492965e-01
4.899480729906596777e-01 3.988057282818583404e-01
4.875486163589751176e-01 3.719638034482625200e-01
4.875486163589751176e-01 3.719638034482625200e-01
4.776591410330569554e-01 3.802697219796531414e-01
4.724295577583838002e-01 3.824918190570174570e-01
4.676598377614408220e-01 3.949146561643198661e-01
4.646435247703456506e-01 3.999743357262997012e-01
4.616332943191926996e-01 4.053970824181060140e-01
4.586361033233218865e-01 4.049504692724700261e-01
4.613035940010846714e-01 4.064099763601799475e-01
4.584594028418558231e-01 4.059947792805832512e-01
4.550663230688446470e-01 4.032915992512126069e-01
4.505448626691047065e-01 4.035581166366140060e-01
4.456525152659381872e-01 3.990897210046512322e-01
4.501537521685055054e-01 4.007142577407110107e-01
5.296501625947296343e-01 4.354282484472553616e-01
6.171358903956010167e-01 4.403599177717258950e-01
6.099700234968856716e-01 4.425754602075517852e-01
5.975382853054113097e-01 4.474622954154315879e-01
5.868483273498219521e-01 4.423111874386723708e-01
5.752081168339697737e-01 4.414018215464627914e-01
5.624789452512055643e-01 4.389660851271702802e-01
5.514607625787830703e-01 4.373874049403387865e-01
5.474496559760320125e-01 4.452930606630404187e-01
5.700662679247189280e-01 4.771277412588232902e-01
5.593058234738466084e-01 4.814461411842907435e-01
5.497933701969319742e-01 4.842928023128044712e-01
5.401428976313737973e-01 4.874570965429662062e-01
5.337847470724834675e-01 4.910825347779557148e-01
5.265313018583199778e-01 4.986327329311605050e-01
5.215749425702310704e-01 4.752368657571609534e-01
5.157358492460015764e-01 4.643676425455829371e-01
5.068372169857454645e-01 4.538485171920292327e-01
5.030486960268414354e-01 4.520159103395265943e-01
4.999750522959102161e-01 4.383110952024729112e-01
4.967296256472574223e-01 4.383350533965162388e-01
4.932194219255111589e-01 4.304529828781031853e-01
4.573491090774385870e-01 4.213639175712555751e-01
4.540681853192368722e-01 4.213668577767818446e-01
4.499462418054667734e-01 4.292008474916952920e-01
4.465993087908438075e-01 4.339703496952955764e-01
4.438063586183365605e-01 4.312695215062478660e-01
4.626774543146181529e-01 4.251171751027953416e-01
4.749745144775746608e-01 4.258353044513053520e-01
4.731534692988520474e-01 4.274702191677809404e-01
4.700242848319399203e-01 4.287240353672472359e-01
4.649110284464171849e-01 4.414518035214105574e-01
4.607645815713185544e-01 4.393862618895336691e-01
4.571158193306368855e-01 4.321881860966618749e-01
4.542260565071875034e-01 4.317829389147597174e-01
4.523311288264929564e-01 4.453666680243192344e-01
4.525926202141974386e-01 4.598929683608564689e-01
4.514256172522880250e-01 4.651654206283356574e-01
4.489499413868049404e-01 4.752028235677855372e-01
4.477624713553542968e-01 4.753463539332076770e-01
4.470593322536065561e-01 4.832669552731218010e-01
4.459970988237049738e-01 4.947298762853287180e-01
4.444752088529234646e-01 4.941963261673141261e-01
4.430641025774934016e-01 5.006004588101027331e-01
4.419499002223438167e-01 5.145568626049523697e-01
4.409625263225828706e-01 5.251534818609804312e-01
4.400085871297664264e-01 5.258206466923981415e-01
4.382668595319668681e-01 5.202234131400298445e-01
4.436283969743514133e-01 5.706846160838242588e-01
4.478103190167629366e-01 6.086869990025178812e-01
4.401806604618599961e-01 6.072633165505977315e-01
4.385030351300488460e-01 6.107471183092532119e-01
4.380600432748805728e-01 6.105465419539668481e-01
4.381226665307986212e-01 6.119799237385108448e-01
4.386472363283052678e-01 6.184498614388902471e-01
4.369326345167549586e-01 6.201852155406397671e-01
4.353242313828792343e-01 6.205037686269454511e-01
4.336877413514095281e-01 6.253270497047523913e-01
4.329677641594656956e-01 6.225219198592174541e-01
4.325978973016722517e-01 6.184208482918698291e-01
4.321784754795217620e-01 6.200968856998945178e-01
4.312781718337344583e-01 6.174785901315424930e-01
4.303167105977767082e-01 6.200800073431415038e-01
4.325128306371307518e-01 5.956591187276640831e-01
4.336247256908852821e-01 5.527963148897472312e-01
4.321411449475761057e-01 5.513710227402125463e-01
4.309382222155488940e-01 5.512444063440214981e-01
4.292413680912013918e-01 5.422105110640732528e-01
4.272143033765650744e-01 5.468326556392113513e-01
4.244580196119474569e-01 5.508917630634088125e-01
4.208683798145790855e-01 5.546094208575044204e-01
4.177711772924592171e-01 5.311357934711913309e-01
4.141741804553104589e-01 5.192854139340280506e-01
4.114866684051827761e-01 5.003268020246049996e-01
4.075712373645020148e-01 5.068771238735441109e-01
4.043018029177359307e-01 5.046679511315286248e-01
4.014534206292152407e-01 4.794137153283705155e-01
3.992473726586595606e-01 4.867290538095803143e-01
3.978426332906517260e-01 4.855805254718258412e-01
3.969199407735780061e-01 4.862466469611530506e-01
3.957989704890881866e-01 4.851295294349130538e-01
3.945323274516798762e-01 4.854008421575368715e-01
4.758178956785485414e-01 4.966551502473340873e-01
5.165913619786942634e-01 5.084113311086926323e-01
5.168461532308354922e-01 5.239612804581547101e-01
5.142861269361553855e-01 5.204545624553256200e-01
5.108722315543197112e-01 5.182742323838489540e-01
5.112929669165033886e-01 5.058943282422410093e-01
5.719474450305617186e-01 4.960423885289906298e-01
5.664587678687762473e-01 4.964979559026072575e-01
5.588111806963016459e-01 4.993659525880537187e-01
5.515307951068656456e-01 5.033818721556690967e-01
5.428665715552339899e-01 5.139218402435579147e-01
5.344662776937515458e-01 5.098506905604895945e-01
5.242926196288211216e-01 5.068039084917114190e-01
5.136979382883651857e-01 5.040433903288179529e-01
5.573335531353194039e-01 4.563579501204737543e-01
5.484770814661679150e-01 4.555725172238429543e-01
5.399051398531351520e-01 4.678648805299362445e-01
5.316742547353831005e-01 4.684975038497876110e-01
5.229001814275927584e-01 4.690030665741986571e-01
5.141609944417062650e-01 4.643500691057128593e-01
5.057711796900601353e-01 4.748908585481232958e-01
4.980193507971879541e-01 4.823335210956366526e-01
4.915857496436917273e-01 4.910965965922853282e-01
4.868232665538713144e-01 4.928095471447642151e-01
4.819048031154092304e-01 4.881817159325207989e-01
4.774492989340776705e-01 4.888105935120484746e-01
4.736635892721687280e-01 4.904072789774583940e-01
4.697125046860511910e-01 4.934353286225690027e-01
4.672341975707962058e-01 4.898050154682820345e-01
4.641043526316933066e-01 4.824061726193630273e-01
4.625429572821371238e-01 4.756962451829780392e-01
4.605110520446161759e-01 4.795213527530877151e-01
4.586274463489549147e-01 4.839498475801150557e-01
4.561891703781240648e-01 4.832919913555974167e-01
4.534193006590411246e-01 4.855605359209209659e-01
4.493355712200919894e-01 4.784638102540610394e-01
4.460785320867726722e-01 4.741127007089771528e-01
4.421770280024253097e-01 4.723178046355384074e-01
4.377145856788778877e-01 4.727414814823400757e-01
4.339582121204058618e-01 4.740101267011522790e-01
4.299335198290465954e-01 4.730648511886909047e-01
4.263585115792588587e-01 4.700220017868474986e-01
4.235990751688968881e-01 4.676792015338553377e-01
4.200121710279943743e-01 4.647182931907405390e-01
4.174238997362954007e-01 4.705063147735384366e-01
4.150655566431713517e-01 4.669087644356298972e-01
4.132888428823825455e-01 4.649226455126734825e-01
4.125629673744120041e-01 4.614458434957177113e-01
4.111977531974657651e-01 4.658011573684220918e-01
4.093713006774939989e-01 4.639410991697535680e-01
4.288209976986553928e-01 4.780899609222739599e-01
4.303172611707110629e-01 4.792368450408448499e-01
4.291736172533504035e-01 4.837606356424857257e-01
4.273699042758301592e-01 4.871984820354385848e-01
4.245986667453759411e-01 4.964685759699254408e-01
4.219249663288024976e-01 4.983948328298006825e-01
4.186869239236327145e-01 5.063268429056435593e-01
4.155513064652980870e-01 5.144643313350963920e-01
4.424705374359131360e-01 5.245403150924357050e-01
4.725000907590325983e-01 5.290725056669561832e-01
4.711293992674436271e-01 5.304438509674991309e-01
4.676509137715575415e-01 5.254646700406711002e-01
4.624229453556409908e-01 5.259284205477159357e-01
4.557798834042140479e-01 5.217462762579734292e-01
4.486114711599305527e-01 5.212958208259947934e-01
5.088382318791629944e-01 5.454332919636983856e-01
5.773554833402394504e-01 5.588179447554743051e-01
5.690930108703379231e-01 5.559430334919095440e-01
5.588828860764671891e-01 5.600917435507382081e-01
5.493314181415660524e-01 5.581754792140881660e-01
5.389547198273964002e-01 5.555201225831178924e-01
5.288537131950052927e-01 5.571319302858405154e-01
5.170979706601959158e-01 5.565847997641069078e-01
5.318585989449482465e-01 5.796713536228380592e-01
5.402963947245338350e-01 5.917690772423465084e-01
5.305137675559973287e-01 6.060556541542594378e-01
5.208282905185022127e-01 6.241762623288366063e-01
5.118749469296349774e-01 6.383995018249828401e-01
5.036317291338443525e-01 6.312515324519913928e-01
4.967924639115031127e-01 6.351735118429224780e-01
4.898439389187746462e-01 6.272543105540837605e-01
4.839098857928456066e-01 6.199424744830610567e-01
4.771804360478213991e-01 6.167237905357938477e-01
4.714594224738841710e-01 6.042678605095326283e-01
4.664586587804402384e-01 5.954067901156632203e-01
4.612804715911768549e-01 5.949368091837654582e-01
4.571409794964820250e-01 5.919401796971396346e-01
4.542834196442915307e-01 5.973525528604970436e-01
4.499099777046494109e-01 6.051078739402113715e-01
4.444844767368335003e-01 6.036771983087716453e-01
4.390093951017678409e-01 5.931794802895500318e-01
4.338460933500920547e-01 5.896670937468486695e-01
4.287168901246932728e-01 5.748183344409150131e-01
4.247931870724153680e-01 5.845927295501331944e-01
4.216848601820732401e-01 5.877723302382371617e-01
4.176700612422893366e-01 5.781837354751053759e-01
4.135322807571363279e-01 5.660757215721754498e-01
4.108153424698361422e-01 5.608731134066691215e-01
4.090529570444991769e-01 5.658211394593999355e-01
4.070477732509778512e-01 5.740135706451395814e-01
4.026550255445352500e-01 5.640363165438240234e-01
4.020825054030273127e-01 5.104164298232438668e-01
4.006447344457801374e-01 5.044501316527614243e-01
4.005693423540623854e-01 5.097226087221486956e-01
4.020128365281542271e-01 5.140468841890564189e-01
4.025445596984223440e-01 5.263229612596002083e-01
3.257668904063589221e-01 4.735990984842456397e-01
3.172881052480732156e-01 4.712401055368129477e-01
3.164428523603195487e-01 4.778840568882419815e-01
3.220475174424565767e-01 4.827916057865376809e-01
3.213590436218687896e-01 4.865949399574841516e-01
3.215448705656948070e-01 4.914148406845154637e-01
3.274568953188928266e-01 4.891812849144973052e-01
3.285171067432944847e-01 4.977434166520697811e-01
3.361165181744931729e-01 5.058101081626005247e-01
3.373923486488469292e-01 5.084606570916720969e-01
3.406197198637189172e-01 5.034118214672609337e-01
3.446185426890815973e-01 5.002832938116910100e-01
3.585535827929854369e-01 4.858437675127569300e-01
3.588802568203567911e-01 4.811964683094592798e-01
3.685491798518888418e-01 4.826907172553311920e-01
3.676887475293060259e-01 4.930845925818998499e-01
3.707968972987317757e-01 4.941988946886812784e-01
3.753078004025275360e-01 5.002647007470405471e-01
3.797756814249070301e-01 4.987517606485126764e-01
3.843227074354039208e-01 5.016388812122636320e-01
3.860623310271639186e-01 4.854483468225379017e-01
3.910707699042753616e-01 4.806557578847525658e-01
3.948707625940607868e-01 4.849054714054028548e-01
3.970977590829239401e-01 4.867520917898310318e-01
3.984415680044507413e-01 4.848803987616716604e-01
4.006754592153276562e-01 4.834643329021720559e-01
4.020737753546151927e-01 4.836009242486227766e-01
4.052136112112815769e-01 4.783475110566277611e-01
4.067898586277296502e-01 4.874812301485581534e-01
4.078539799225165408e-01 4.923285528238816600e-01
4.072777501145106172e-01 4.941252588706851467e-01
4.047592305693600290e-01 4.942686598425182209e-01
4.017355600664899162e-01 4.923999630198325761e-01
3.965118002459983026e-01 5.001657427918047016e-01
3.938578999274029435e-01 5.053258216782881007e-01
3.909645288010793474e-01 5.065845690925175893e-01
3.883833498080620505e-01 5.034244088651136373e-01
3.861394753371683031e-01 4.998658974511993591e-01
3.834206434413747755e-01 5.017623122294975202e-01
3.819135025599567079e-01 5.008432583498141355e-01
4.686350498214600924e-01 5.585098262564407445e-01
5.322690605045787837e-01 6.772915455241236282e-01
6.374311900336750991e-01 7.264572282493323430e-01
6.558655818567766804e-01 7.131322105106676634e-01
6.450688754807736291e-01 7.043304168192072723e-01
6.346915671862933817e-01 6.967374194256208408e-01
6.176469253872427512e-01 6.879034788790089339e-01
6.009034131620432095e-01 6.837845181006005912e-01
6.627928229718166309e-01 5.942459810048180691e-01
6.495900345550472688e-01 5.827606311196227296e-01
6.350158234230269816e-01 5.844379880422327922e-01
6.200333105520631216e-01 5.907086555222040847e-01
6.055130998871377512e-01 5.962198323985422599e-01
5.925450897440704967e-01 6.000378885815718100e-01
5.821219756624600450e-01 5.979583165896190655e-01
5.729716394157599035e-01 5.788211353242632695e-01
5.689589835953574593e-01 5.531458344676417616e-01
5.585932174049845766e-01 5.550442839635411074e-01
5.489072832234009880e-01 5.574587450635493102e-01
5.399121419643189146e-01 5.611636867428140274e-01
5.325486962523025003e-01 5.634755824295667459e-01
5.256051599741131675e-01 5.635945733646339217e-01
5.191854986394177640e-01 5.606396679262273253e-01
5.133093064028730890e-01 5.583149496907139353e-01
5.066887220210097853e-01 5.547071109953816137e-01
4.961880983802819389e-01 5.446057118356719684e-01
4.917935545283661503e-01 5.460519860366612743e-01
4.875925734036125059e-01 5.510479590592065602e-01
4.851016715533669199e-01 5.538948924189484035e-01
4.827430281193796913e-01 5.531497589280158778e-01
4.812027123711609677e-01 5.529097925302871586e-01
4.808705000414897901e-01 5.516689271136947514e-01
4.812314756958960271e-01 5.505439407667911400e-01
4.817297807132139842e-01 5.524916211205666006e-01
4.824865600785554487e-01 5.495988081176248485e-01
4.837244883352467828e-01 5.488339992295816483e-01
4.778998478386566329e-01 6.128092215165350520e-01
4.705797301050512194e-01 7.438267672624618854e-01
4.671664322998000385e-01 8.006590290184366632e-01
4.690821105191794738e-01 7.945882188641752997e-01
4.708172198880625769e-01 7.910049636100714432e-01
4.733399472234620653e-01 7.877123058930601829e-01
4.755906184491283106e-01 7.833750789725550945e-01
4.781390532981499852e-01 7.794941516726116015e-01
4.719603853794077652e-01 8.178592478003240407e-01
4.647888842677334043e-01 8.181795559961042574e-01
4.664976656860669868e-01 8.139770858638848416e-01
4.666264820992067075e-01 8.082086983881091591e-01
4.665745400322591219e-01 7.916564616419905498e-01
4.665182092394830060e-01 7.782976793088225431e-01
4.668731651889427292e-01 7.560410861242434777e-01
4.369069255129718887e-01 7.491336670493760064e-01
4.352842278782441676e-01 7.325488176016206054e-01
4.378369054260680682e-01 7.204575616683376316e-01
4.407546492050343767e-01 7.135109352596715748e-01
4.437316306309249114e-01 7.131949959685679463e-01
4.480207089030289191e-01 7.158414399960110197e-01
4.511844160843967444e-01 7.199644426489831828e-01
4.534183112838284235e-01 7.264861840717645736e-01
4.568717480244556262e-01 7.325838205690278215e-01
4.582034838311203617e-01 7.361848468362224285e-01
4.592535456582379494e-01 7.264735785013758385e-01
4.659526876914308890e-01 7.351767949530025881e-01
4.678849805467432676e-01 7.314489503375631863e-01
4.712418557883356618e-01 7.295904086815947487e-01
4.744046374290006307e-01 7.239431176461410544e-01
4.781402343420665946e-01 7.190039315781726614e-01
4.817219314553100595e-01 7.166668212750639810e-01
4.861888916068725086e-01 7.133377094114838890e-01
4.892936300936822080e-01 7.080740022116034371e-01
4.937324897900417509e-01 7.055282701974218140e-01
4.994924082603140469e-01 7.007111373628737150e-01
5.047113276181884878e-01 6.935532372353332420e-01
5.109439542273397361e-01 6.854546674682731044e-01
5.178561105743711979e-01 6.834801227483984221e-01
5.235633053075191556e-01 6.778264058843999074e-01
5.199576604412790015e-01 6.686235946700100907e-01
2.916766197425764151e-01 7.081435631581547430e-01
2.863501673120838475e-01 6.804517035282329207e-01
2.938466909248637071e-01 6.692648247401580264e-01
3.048846558791825645e-01 6.729142196559089184e-01
3.165939013247500711e-01 6.770893367935029161e-01
3.291331354688047939e-01 6.799591436799350408e-01
3.422671354682097489e-01 6.862101159256840388e-01
3.560196555300846888e-01 6.920380654922202446e-01
3.687414539125267732e-01 6.882033687577543413e-01
3.794143218781965143e-01 6.950883207497235983e-01
3.918894336686499780e-01 6.956052400194737695e-01
4.037917504844651395e-01 6.939791684007121653e-01
4.143734490626004852e-01 6.889432159349258011e-01
4.258037225285470906e-01 6.860021044548010316e-01
4.361755501359075859e-01 6.786953855948679726e-01
4.453568334909799309e-01 6.717117846771348821e-01
4.549152406016694350e-01 6.635016720805722024e-01
4.617444551881335069e-01 6.631842225585391493e-01
4.681881833492281264e-01 6.627555394762620899e-01
4.741768375256625312e-01 6.607302276606551450e-01
4.779963636449311437e-01 6.609943865947223163e-01
4.822741924301023886e-01 6.633136841251271454e-01
4.858593859028347839e-01 6.621936974847546509e-01
4.895534603325480960e-01 6.653039182361966120e-01
4.938084816254120213e-01 6.688127434522641579e-01
4.956771607501047616e-01 6.688653206154846487e-01
4.977449370937837014e-01 6.692265836920886501e-01
4.993836213688989112e-01 6.718926479188480627e-01
5.010445090156779857e-01 6.724863279768522606e-01
5.032747736754059620e-01 6.731683861783082090e-01
5.053337199189730233e-01 6.724017591506818992e-01
5.074873319684931605e-01 6.726145025458751814e-01
5.101614213785901075e-01 6.737905665266846755e-01
5.117842990390353286e-01 6.707523860730579823e-01
4.883442303093351033e-01 7.336606550182285247e-01
4.789008817980392463e-01 8.194020305643078261e-01
4.821028302464593907e-01 8.229851812356978602e-01
4.845411403599498290e-01 8.249085930067956429e-01
4.867348991386218904e-01 8.197554023875759377e-01
4.896557376223052982e-01 8.162761626717547347e-01
4.919145378869018148e-01 8.115899661849448332e-01
4.936061910606458492e-01 8.040536336152258601e-01
4.955763195117791620e-01 8.049010545027938113e-01
4.960685929836572972e-01 8.031035904227942224e-01
4.975287744643505650e-01 8.077153873115019422e-01
4.978361818944779804e-01 8.081968737660037982e-01
4.983505844238731441e-01 8.038370992046630636e-01
4.997658446998820558e-01 8.025310199632992303e-01
5.014134050621997796e-01 8.059028916288093480e-01
5.033149765212376892e-01 8.088362451488178007e-01
5.053063097804311177e-01 8.099450085938401100e-01
5.065010212735930883e-01 8.057318669048727511e-01
5.082621502124193835e-01 8.038194076637954488e-01
4.921325919965073292e-01 8.132521755498378635e-01
4.935984287336926957e-01 8.116057097053245295e-01
4.970415398874479251e-01 8.077040387859293347e-01
5.043741523881074551e-01 8.277232804086024354e-01
5.061710164852054605e-01 8.266747178085260828e-01
5.086660119335181252e-01 8.243746594315558562e-01
5.122243520133937800e-01 8.287010779759083068e-01
4.575358989496501882e-01 9.029654261588196951e-01
4.411243382024802040e-01 9.323938298765837018e-01
4.459683803123158929e-01 9.330609770439775019e-01
4.517964771607426155e-01 9.331205579836483466e-01
4.573107912661558139e-01 9.352624622557242917e-01
4.635153364087624683e-01 9.395245001645811112e-01
4.704203103581200418e-01 9.444841569216914090e-01
4.773686770806941371e-01 9.420242610004506689e-01
4.841215407043619190e-01 9.417131863668355418e-01
4.907710333524025192e-01 9.405142159451113093e-01
4.972140474045111391e-01 9.394437641578037290e-01
5.036469688093587749e-01 9.355612353832607475e-01
5.110790859160909694e-01 9.347499247842759873e-01
5.159786088802187365e-01 9.310819012672059136e-01
5.185390631931359184e-01 9.495302324700551910e-01
5.243440319755265921e-01 9.639315280001635733e-01
5.410019358900344244e-01 9.724363895403774771e-01
5.410019358900344244e-01 9.724363895403774771e-01
4.057024095392313678e-01 9.601937828111238860e-01
4.057024095392313678e-01 9.601937828111238860e-01
4.057024095392313678e-01 9.601937828111238860e-01
4.066357601094573448e-01 9.620441435790669793e-01
4.250839029951533066e-01 9.628742133365525424e-01
4.250839029951533066e-01 9.628742133365525424e-01
4.250839029951533066e-01 9.628742133365525424e-01
4.250839029951533066e-01 9.628742133365525424e-01
4.328119141835150563e-01 9.233827791147650732e-01
4.344483328016187085e-01 9.238362475463729462e-01
4.395496668281874686e-01 9.289144465114083093e-01
4.475811194191297027e-01 9.408838046438535718e-01
4.483248076581450858e-01 9.406183278257223002e-01
4.530033377222348889e-01 9.508044348641313537e-01
4.570693290106130346e-01 9.519841866993440371e-01
4.352091241831058110e-01 8.486123625116035463e-01
4.352091241831058110e-01 8.486123625116035463e-01
4.352091241831058110e-01 8.486123625116035463e-01
4.423023481406996860e-01 8.426891965612863800e-01
3.307348831371227926e-01 8.493344016099007021e-01
3.260638485884682081e-01 8.107893286430324364e-01
3.324518437155634665e-01 7.994545035279440048e-01
3.372305137226267457e-01 8.110322370676859016e-01
3.425735589226029942e-01 8.049933243227682667e-01
3.516457373035112854e-01 8.080351090649485757e-01
3.577120736330876016e-01 7.955245038475298180e-01
3.253867233096293665e-01 7.092501112745696057e-01
3.357290938623669341e-01 7.266017283893657641e-01
3.924613525910377598e-01 7.901637549696614027e-01
3.924613525910377598e-01 7.901637549696614027e-01
3.920823358188219032e-01 7.872029896517925840e-01
3.956743414839398731e-01 8.072768261167709847e-01
4.197160444210029651e-01 8.807793113029530607e-01
4.343647176046643854e-01 8.769275650278453016e-01
4.495026074921237291e-01 8.761083563791773887e-01
4.640703968230693865e-01 8.729490956606906771e-01
4.107698207813680336e-01 8.004027648089079294e-01
3.587357214660041871e-01 8.105763580553787540e-01
3.643182120232412169e-01 8.187088738967682744e-01
3.685847542722270331e-01 8.183942274920850135e-01
3.855751839851702667e-01 8.196110251010122472e-01
3.957722299635351715e-01 8.670183216675284577e-01
4.090193170148553881e-01 8.576410895125597955e-01
4.144665811605141026e-01 8.445002207785861081e-01
4.196620452364185350e-01 8.421373169790958846e-01
4.227577658769171576e-01 8.299674320822388873e-01
4.258372054530347173e-01 8.208295387745594418e-01
4.279886068338311089e-01 8.137196187493509481e-01
4.293902606547966849e-01 8.175513065684893999e-01
4.300243446558428273e-01 8.177647395106825146e-01
4.289321426842832574e-01 8.190301689226742177e-01
4.272961932729259504e-01 8.240438891523700349e-01
4.265516308193495476e-01 8.284021251931992236e-01
4.235489133478632651e-01 8.297409107351394475e-01
4.219287194477415182e-01 8.334377220841340250e-01
4.199501454994533090e-01 8.332603953408675990e-01
4.192619276506933668e-01 8.382068646173648219e-01
3.748113135543181818e-01 8.339744995209756873e-01
3.593986682828001489e-01 8.308857729515050083e-01
3.618279184738549814e-01 8.497429568201497752e-01
3.625227790871051181e-01 8.631077083053413368e-01
3.603485371120511149e-01 8.614310753255906006e-01
3.593180997677307142e-01 8.493872735017959918e-01
3.564763364042392579e-01 8.561952972889389502e-01
4.178508051388110656e-01 8.543830705837601736e-01
4.178107497863395858e-01 8.551910599855132578e-01
4.155019818538770449e-01 8.512478959380500587e-01
4.158978627143283258e-01 8.570202295812088256e-01
4.158909831278710389e-01 8.563137810689740448e-01
4.171563570209020355e-01 8.629705500003637120e-01
4.183070831755754670e-01 8.607843742089679173e-01
4.183070831755754670e-01 8.607843742089679173e-01
4.191058987574566297e-01 8.625854664233063573e-01
4.177988694595976549e-01 8.547106682043450476e-01
4.063009210253125114e-01 8.894660470174184930e-01
3.958687530013293987e-01 8.431361376684426423e-01
3.966484631113809112e-01 8.403813708933851601e-01
4.006011750727781484e-01 8.425793964348002874e-01
4.032368706724002161e-01 8.423353280016877553e-01
4.051093756943376367e-01 8.478209470721851382e-01
4.081990037242902991e-01 8.411597635889934699e-01
4.081990037242902991e-01 8.411597635889934699e-01
4.129050853129330179e-01 8.425658675862951474e-01
4.171153496833078789e-01 8.424953975311791909e-01
4.193794423666424853e-01 8.469532946422241304e-01
4.259643662800476349e-01 8.525021673125456889e-01
4.448057968395360828e-01 9.103282098938146882e-01
4.496500004916254012e-01 9.120352513016334317e-01
4.376129980907336181e-01 8.613594889842549618e-01
4.420310404297486673e-01 8.573627951037068318e-01
4.481830467455164002e-01 8.623268988263677048e-01
3.434616097075783303e-01 8.470298050850759708e-01
3.153631491211817961e-01 8.287351237004076943e-01
3.325632058201106744e-01 7.775785690929979399e-01
2.462787843595140025e-01 7.692669191918841687e-01
2.440785233881424821e-01 7.662379018583213020e-01
2.509735488628461741e-01 7.696672769121414293e-01
2.584717900305825156e-01 7.717663849179146052e-01
2.662637330759944909e-01 7.732066914020327975e-01
2.643273699565827362e-01 7.459813967719990391e-01
2.684810249377380109e-01 7.455498809174001540e-01
2.846406079471502371e-01 7.395476106430954877e-01
2.757530369577391727e-01 7.483537457648512525e-01
2.129088568868725828e-01 6.567696259827098260e-01
2.181037754663794070e-01 6.704109972988151478e-01
2.214159910098244810e-01 6.707669014253186957e-01
2.422764096964359626e-01 6.694492955139379475e-01
2.539040500514097576e-01 6.763026733844399452e-01
2.626838437804779880e-01 6.926331815888409071e-01
2.732219185163116681e-01 7.155639385901231275e-01
2.828581862391971180e-01 7.339747208103039045e-01
2.861935728622651554e-01 7.457386709123891011e-01
2.994627673793838207e-01 7.655244753333313446e-01
2.567668275426122082e-01 7.387958897229984778e-01
2.567668275426122082e-01 7.387958897229984778e-01
2.427950711890579927e-01 7.425053271706701929e-01
2.543557101792919828e-01 7.502984553797644729e-01
2.666810067295242170e-01 7.593804002810711218e-01
2.775526237321169765e-01 7.546309870843458389e-01
2.930671397986791549e-01 7.628392770966724301e-01
3.036176671837791385e-01 7.572056584998956286e-01
3.175514783545534958e-01 7.549187352817335883e-01
3.323268907275847006e-01 7.525279251341802089e-01
3.465663876466594795e-01 7.503511202350424680e-01
3.736029265539900779e-01 8.173371127190569574e-01
3.910357561434567031e-01 8.184368324289779117e-01
4.048013256362398837e-01 8.104259840600713805e-01
4.191443428361316670e-01 8.023750017516837474e-01
4.313810932189082736e-01 7.910360701921336224e-01
4.439056875375779754e-01 7.821358891441227978e-01
4.571406780501869882e-01 7.821724079366968452e-01
4.685367010929967213e-01 7.729926043593851048e-01
4.791410711477418483e-01 7.649123576588542361e-01
4.902693056787602588e-01 7.578345719199786057e-01
4.834423089301145282e-01 6.886649981380621455e-01
4.335621278389308886e-01 7.541936388657995982e-01
3.406819256275959162e-01 7.782605796932479114e-01
2.805300756934569484e-01 7.614821836972435198e-01
2.610592971492203818e-01 7.857367343075909449e-01
2.610592971492203818e-01 7.857367343075909449e-01
2.610592971492203818e-01 7.857367343075909449e-01
2.670810253699708592e-01 8.010245761760693695e-01
2.670810253699708592e-01 8.010245761760693695e-01
2.931367897687627289e-01 7.851997271635942077e-01
3.073032960693838911e-01 7.818146507760779240e-01
3.214651472699087131e-01 7.934302720681396526e-01
3.363721786672452252e-01 7.926059481323671774e-01
3.389826195150149046e-01 7.372153672412693481e-01
3.538182660553514935e-01 7.479521294754414296e-01
3.811627164222133324e-01 8.179965993406406177e-01
3.811627164222133324e-01 8.179965993406406177e-01
4.101935115995741787e-01 8.106298334487135326e-01
3.879659438834973662e-01 7.506589949527525674e-01
3.382615511121236374e-01 5.914066321757744937e-01
3.283441494560801477e-01 4.521690577208967721e-01
3.216325835438229586e-01 3.921056310864983185e-01
3.334586807449458346e-01 3.501699634654311666e-01
3.343860257749661780e-01 4.090708569010481632e-01
3.435262457128002156e-01 4.146209050679189323e-01
3.455476792271289233e-01 3.087347703140327360e-01
3.514403323271599877e-01 3.016302794708274337e-01
3.533025734972994880e-01 4.074517887059072585e-01
3.579716485121579028e-01 4.113427451629955156e-01
3.814939711070148287e-01 4.282923982188057144e-01
3.820459424783643199e-01 4.418461124183515887e-01
4.042529462617107106e-01 4.528578586550564555e-01
4.127621714777403028e-01 4.762142646016683800e-01
4.194573995345303175e-01 5.113376913836955584e-01
4.236646191147548923e-01 5.213284498787181809e-01
4.269815299257104790e-01 4.937457916227928623e-01
4.190865691218949030e-01 3.966738692249638376e-01
4.245307561621537995e-01 3.807113776920456605e-01
4.310010055642888860e-01 3.777246278784072153e-01
4.423106523224114572e-01 3.851308379464921661e-01
4.442422239737126577e-01 3.805725628059239973e-01
4.457967905323341751e-01 3.735293104631350891e-01
4.469233755856111268e-01 3.787528477870560906e-01
4.490958060639739235e-01 3.721161230743391668e-01
4.505894230290320435e-01 3.752559543105220552e-01
4.516535018304219662e-01 3.776017294828586390e-01
4.526487282127031331e-01 3.747503415239685776e-01
4.541772712887061081e-01 3.720677399115115414e-01
4.553398483099643235e-01 3.726393269328848179e-01
4.582407359699728344e-01 3.765853693406477909e-01
4.601783376988069496e-01 3.763824105316851965e-01
4.557185566233393215e-01 3.867086577746492448e-01
3.705636343506473196e-01 5.081045988447490114e-01
3.278910140855108013e-01 5.868057394732382193e-01
3.343629131883501526e-01 5.915667001160294092e-01
3.370346076096538690e-01 5.906958448717548604e-01
3.417220575945355554e-01 5.956746468130516003e-01
3.476774233539440262e-01 5.956469544734013244e-01
3.534747402486653756e-01 5.848419943064837589e-01
3.586256557789005983e-01 5.787392863093994144e-01
3.649155114827447588e-01 5.762022964061790375e-01
3.703524425304484113e-01 5.761261444977447965e-01
3.769701478740637990e-01 5.602482170735167966e-01
3.821603940590139747e-01 5.571832619808045894e-01
3.878128719880537534e-01 5.388073026819344413e-01
3.930221136638850643e-01 5.294780711638300552e-01
3.978678817643830357e-01 5.361029012134974625e-01
4.042745663127403910e-01 5.255620773285734071e-01
3.997745825675130815e-01 5.282039077518498882e-01
3.844718862838094608e-01 5.428711941011836739e-01
3.877465552032480778e-01 5.248889766068198792e-01
3.896487870147327115e-01 5.131544108379288982e-01
