4.694094870785835427e-01 4.178951185106729582e-01
4.698384173163823729e-01 4.201181339286431671e-01
4.714524750032046962e-01 4.127716877635110304e-01
4.733621580847398036e-01 4.053907594908625622e-01
4.745196586204827871e-01 4.094898585404546099e-01
4.729652769825510861e-01 4.175250228608312630e-01
4.730892313222873069e-01 4.263178374002587478e-01
4.735458574744876858e-01 4.334310598720698682e-01
4.732676582960447798e-01 4.373468851872135410e-01
4.741783218365491770e-01 4.358320317212772688e-01
4.749798301357358032e-01 4.412689410096947151e-01
4.764883774336851063e-01 4.485141803407454164e-01
4.779476543664363808e-01 4.546496607201885309e-01
4.778944685025369732e-01 4.574196260450781315e-01
4.772497793189534043e-01 4.614619869828552323e-01
4.780782202362089950e-01 4.668479445288654661e-01
4.787016060870412093e-01 4.718283654211402611e-01
4.785250119190761486e-01 4.771441645563595513e-01
4.794139854117013266e-01 4.793351420146709785e-01
4.786805041774120362e-01 4.817437045316844690e-01
4.790335153851373873e-01 4.889835425456310336e-01
4.797500965355839253e-01 4.943725599388045788e-01
4.796065996345421079e-01 4.931788720867517073e-01
4.784416450858885450e-01 4.962267622088153418e-01
4.788163382219538522e-01 4.975689333042265794e-01
4.790772317939140379e-01 4.995227460501954209e-01
4.783957207051926508e-01 4.979318419293393694e-01
4.796350014962650343e-01 4.980116812035456642e-01
4.790943954694803497e-01 4.985793100863127325e-01
4.802823372770915755e-01 5.016153591145251500e-01
4.797605142208863915e-01 5.046804558002537799e-01
4.776715162714323948e-01 5.084582931445477127e-01
4.773316921635032406e-01 5.076552115114085773e-01
4.771164453669795580e-01 5.106601667419646828e-01
4.767496634710973735e-01 5.142922279510764305e-01
4.764058171917943119e-01 5.179034418037109511e-01
4.761380392996895639e-01 5.167153583581836074e-01
4.761015069409068046e-01 5.197162579459236875e-01
4.752441152250470036e-01 5.201972802914982541e-01
4.807386295561124068e-01 5.390804165072776710e-01
4.886351838879701148e-01 5.655388048222227404e-01
4.887161930641742980e-01 5.720891253390012476e-01
4.888331087185509571e-01 5.760137963064808631e-01
4.885232154301429874e-01 5.771606351292351000e-01
4.883687417783907359e-01 5.810054541288725005e-01
4.882950904100955003e-01 5.807811469693704431e-01
4.888635947679347282e-01 5.811207770478862278e-01
4.887653373466944728e-01 5.830854670962100084e-01
4.898986250572877621e-01 5.801986901537374841e-01
4.908268291454058740e-01 5.793962089631952139e-01
4.910803788072785059e-01 5.780177050108131764e-01
4.920321770047199617e-01 5.758342395565549943e-01
4.923815283397627307e-01 5.726836770433915147e-01
4.934448176992732304e-01 5.750338990732932754e-01
4.946243433469752482e-01 5.737387046579480732e-01
4.965196624523640634e-01 5.735472847303120236e-01
4.982690570195981161e-01 5.725210319230311651e-01
5.003438795542931583e-01 5.746326239992716189e-01
5.023250171118098795e-01 5.782363828409834428e-01
5.033491128751624855e-01 5.819771362348162835e-01
5.038083283837552218e-01 5.823179221487633228e-01
5.031577053184214110e-01 5.846086917597052013e-01
5.035901755476531738e-01 5.867921992148446009e-01
5.041123776526406086e-01 5.875042181353951065e-01
5.043170939775925010e-01 5.955179237443108953e-01
5.030217244494757933e-01 6.148069459839358153e-01
5.029858764928915038e-01 6.194919750034894035e-01
5.018845463413552643e-01 6.176358413390223845e-01
5.022605105410586912e-01 6.171629392078897824e-01
4.993154672291038598e-01 6.131557856449209032e-01
4.756088623218495681e-01 6.350909138340514737e-01
4.750463904459880093e-01 6.371526327790842936e-01
4.743721501937359086e-01 6.415886757062624346e-01
4.727506145015137884e-01 6.337898454094831324e-01
4.717788901160634429e-01 6.357373598591316011e-01
4.713445043640130949e-01 6.366969113834596294e-01
4.717850710871490105e-01 6.383417495792167440e-01
4.717266487371885586e-01 6.380538975606135921e-01
4.718746594975413156e-01 6.397645552689584791e-01
4.711763111430155027e-01 6.364177641216484105e-01
4.700838509566794832e-01 6.318342100460769828e-01
4.978533907191827756e-01 6.033523072166263601e-01
5.998661929107023116e-01 5.114935420938940824e-01
6.698109540488785818e-01 4.401280180607856085e-01
6.669626096253881142e-01 4.323363316212869290e-01
6.628483364240459474e-01 4.330095314687797403e-01
6.589722217980439334e-01 4.285197972038167213e-01
6.529055401917600587e-01 4.320468443396695557e-01
6.457888497168584596e-01 4.419126460849028826e-01
6.762680513789318670e-01 4.596545064812356252e-01
6.652564229210036206e-01 4.671969908055249032e-01
6.562532227075512647e-01 4.793534238170915618e-01
6.488814852437079228e-01 4.903203299781738744e-01
6.400048959672026694e-01 4.989267906497402150e-01
6.318556956649709067e-01 5.025196026184671760e-01
6.246857149395034225e-01 5.039151066413551927e-01
6.182023785883818956e-01 5.011557697759240204e-01
6.112782157074253542e-01 4.987805230013210300e-01
6.044947118790999774e-01 4.961211905492254326e-01
5.982388060622506609e-01 4.864833361697612490e-01
5.931768547704514560e-01 4.811398835351634595e-01
5.895364204939064212e-01 4.727318126934532128e-01
5.867396236908917206e-01 4.630954927547016320e-01
5.824788424330588077e-01 4.536700502150117220e-01
5.811274207339631737e-01 4.549335142059715009e-01
5.791595761761408889e-01 4.526374228758481832e-01
5.603866813707683026e-01 4.878227756210222754e-01
5.597726959323103824e-01 4.819613742261774636e-01
5.581656293681276360e-01 4.778968937159399077e-01
5.577679034133989910e-01 4.675281119601181201e-01
5.577919198807438361e-01 4.395516838093658230e-01
5.585624322883545601e-01 4.382573206339757110e-01
5.582383311551206706e-01 4.348900415083056803e-01
5.576138084968610409e-01 4.466932217875279054e-01
5.600269438988367821e-01 4.215049670376025404e-01
5.603742503191672109e-01 4.211970045696428189e-01
5.608963944437805882e-01 4.190477349187640144e-01
5.616370581664110739e-01 4.135845457822016069e-01
5.624396145184343832e-01 4.043827335934365719e-01
5.628811549948965487e-01 4.028414985185686525e-01
5.641355313799035764e-01 3.987673898112938931e-01
5.646292168757232055e-01 4.027015105349296409e-01
5.654222982850107826e-01 3.932899939412668466e-01
5.628715208716257301e-01 5.104709292857531056e-01
5.640509858459497039e-01 6.430956916145461610e-01
5.634134000647659235e-01 6.895119466892064564e-01
5.633473253081644483e-01 6.677668224034367661e-01
5.617683337988950143e-01 6.508649363774614560e-01
5.608213917282567351e-01 6.346193212496065161e-01
5.605687620175865415e-01 6.202872859148383933e-01
5.617221899380969719e-01 6.181231319039701688e-01
5.834953842400366630e-01 6.698462476337411209e-01
5.820417797103749624e-01 6.602428110164927366e-01
5.817822118532759434e-01 6.502800571811433450e-01
5.814629503990099701e-01 6.473294096318649160e-01
5.805629295144162372e-01 6.439563844212391475e-01
5.850265184349826564e-01 6.482787469346391607e-01
5.850264490682294261e-01 6.453907777940661727e-01
5.854745426315604018e-01 6.420489953246997228e-01
5.862845625511956538e-01 6.483384865303711830e-01
5.836884936206210295e-01 6.411155579670935190e-01
5.667367124509702370e-01 6.460200315561004381e-01
5.541001392899284061e-01 6.612259145552491502e-01
5.498009222930684281e-01 6.524130330076859385e-01
5.471819767800822909e-01 6.583895814288438508e-01
5.438076266933199454e-01 6.502833046550626772e-01
5.410386048142724613e-01 6.508842667274610250e-01
5.390935648980103023e-01 6.548879618747847076e-01
5.367269883284792042e-01 6.570940387598838139e-01
5.346170314261400325e-01 6.559724240297817310e-01
5.330695395128186576e-01 6.591777451872258276e-01
5.307795735840350471e-01 6.532425273950421829e-01
5.289600908099532095e-01 6.544462073294308180e-01
5.270734692725234094e-01 6.569852597625944757e-01
5.220564833565832785e-01 6.572727120841204140e-01
5.213959839870567770e-01 6.616229566021152309e-01
5.219296537948927561e-01 6.629778727023712959e-01
5.221491725520170935e-01 6.647696327549464934e-01
5.216355805411401203e-01 6.636436816663867644e-01
5.221906268705438503e-01 6.717266302891538032e-01
5.228608063677442352e-01 6.718960933324181761e-01
5.228387245704946285e-01 6.650954988400772372e-01
5.227733925003432702e-01 6.655522903633468434e-01
5.229099953337690287e-01 6.639153604545122711e-01
5.227578259403978800e-01 6.610355863189443237e-01
5.225499174345622500e-01 6.615524064089491896e-01
5.231514129640147948e-01 6.632261880300973633e-01
5.232051962718895499e-01 6.624347056463091299e-01
5.237739062173243365e-01 6.636842616505609360e-01
5.250233394409595800e-01 6.603677186467645788e-01
5.251150734524490105e-01 6.594900835258978855e-01
5.257119716232417916e-01 6.580731947734145271e-01
5.274517316567668423e-01 6.605834026453032415e-01
5.317945377394683870e-01 6.691181674966278914e-01
5.327364771169713631e-01 6.646654776850537960e-01
5.372158118309504626e-01 6.713915031488020269e-01
5.454061729343683274e-01 6.844440898364723136e-01
5.539578773001054834e-01 6.812203103381118119e-01
5.627282473074227687e-01 6.790347431956760271e-01
5.699980987750326022e-01 6.829410091575636166e-01
5.772337072440658634e-01 6.783069201523185265e-01
5.832947019512865205e-01 6.772458723970609107e-01
5.892676365334608146e-01 6.758655115971434757e-01
5.939499664783779442e-01 6.725878915104090972e-01
5.162018905482137487e-01 6.780536597403135080e-01
4.167957074811064477e-01 6.803895302883848917e-01
4.199099523708320625e-01 6.720622013102894865e-01
4.262575812500301597e-01 6.790618058828614689e-01
4.340034285334629649e-01 6.773931311807601663e-01
4.423455844182687668e-01 6.756600601450953869e-01
4.510660249098405461e-01 6.787763499051793215e-01
4.680112333524241164e-01 6.742276564086653323e-01
4.794234989659821311e-01 6.781147054783512873e-01
4.875638515145985785e-01 6.815757104507744746e-01
4.961528963334925768e-01 6.810363027583317130e-01
5.032234122432999168e-01 6.819956517874540269e-01
5.112907067114118576e-01 6.835279104588223298e-01
5.169965154354384529e-01 6.829288950123101332e-01
5.231255830831722520e-01 6.845969195806482777e-01
5.266562077062757474e-01 6.769183918045800219e-01
5.299338254724896835e-01 6.712891970051079182e-01
5.314536285446217478e-01 6.586559867330762374e-01
5.329918980927527139e-01 6.539007585652956145e-01
5.349572954282794113e-01 6.544816877890033968e-01
5.379592521613654199e-01 6.520842092224903297e-01
5.411595618976543509e-01 6.468853887316834417e-01
5.453709384088409884e-01 6.431044469126039331e-01
5.498334714626061936e-01 6.405678422716132303e-01
5.512459759260963654e-01 6.322973903800572781e-01
5.526487336441163745e-01 6.237597403894556969e-01
5.538262007962788669e-01 6.200496555930870013e-01
5.552754115003410984e-01 6.214298088475394000e-01
5.568296392342395595e-01 6.261556130129507514e-01
5.582663470265341044e-01 6.288085803275536012e-01
5.578731164383945451e-01 6.271610401363718612e-01
5.580329013713869468e-01 6.295444642460550355e-01
5.588254306146176464e-01 6.313277370692962354e-01
5.609265620019899812e-01 6.350846509231655723e-01
5.631400756570831279e-01 6.390355956587537856e-01
5.653136668688389932e-01 6.515593856184773713e-01
5.664035138869448760e-01 6.563972609830553973e-01
5.659490750391790170e-01 6.546396992518740410e-01
5.672798607110874913e-01 6.596783892882573941e-01
5.677880097299582429e-01 6.569921921182413360e-01
5.674763944471368227e-01 6.540077117742120194e-01
5.673788585730608069e-01 6.514632874766067561e-01
5.680528189829647800e-01 6.531066177423703323e-01
5.677550020183791402e-01 6.533618443593723901e-01
5.672659616228650226e-01 6.581850233123627270e-01
5.679510004457480887e-01 6.698455225712010019e-01
5.679159205290187362e-01 6.686070241532604541e-01
5.679491245713619296e-01 6.730092075176560273e-01
5.678636379224094588e-01 6.737334203008560340e-01
5.574471642859578635e-01 6.771430268486861026e-01
4.707525278968976989e-01 6.920215165307512795e-01
4.557709444909329721e-01 6.995906516150279808e-01
4.582989069293069706e-01 6.967025604974300679e-01
4.605748288574645355e-01 7.035620399001758507e-01
4.614839120079360368e-01 6.992176125444973245e-01
4.645626312721583551e-01 7.098997944382219316e-01
4.666426644066337670e-01 7.051326516921523346e-01
4.049120963151544572e-01 7.108654408471996033e-01
3.950969868427181564e-01 7.174396979742510005e-01
4.007632945654907575e-01 7.239049084232414000e-01
4.052654558530644491e-01 7.207175390104491042e-01
4.106375925517881109e-01 7.203687266804689182e-01
4.151452009422110789e-01 7.174624159181091088e-01
4.222938470483068585e-01 7.229290956359324394e-01
4.267172200333192444e-01 7.172380818993311369e-01
4.320067272241636114e-01 7.178984338693152889e-01
4.371981900934397980e-01 7.251967812999579044e-01
4.401172476100677078e-01 7.318769672744076527e-01
4.426604322656394475e-01 7.266902973521478515e-01
4.438213605907732062e-01 7.281203465676692188e-01
4.462059743804998035e-01 7.275885646884454605e-01
4.534045502768713765e-01 7.139578766675452881e-01
4.544707250448600244e-01 7.137376428258748184e-01
4.572583370629264010e-01 7.113740731948778873e-01
4.598135730446674674e-01 7.175396143654617642e-01
4.619195727703376830e-01 7.196061868738568013e-01
4.640774944859035744e-01 7.199931077193937323e-01
4.583366994637375624e-01 7.170359645797361736e-01
4.533180658418627940e-01 7.136245087778860796e-01
4.555778965325181784e-01 7.080361009372250214e-01
4.596203063920046294e-01 7.082761214679874628e-01
4.639995173143966478e-01 7.084689257199021650e-01
4.688703758402704702e-01 7.023011247019602665e-01
4.737445572750076939e-01 7.063214950201190945e-01
4.782810252566819242e-01 7.040663189950941980e-01
4.842427921129703883e-01 7.128513857092299011e-01
4.891769104008166780e-01 7.103107452226440355e-01
4.948000626960443737e-01 7.140555994970044784e-01
4.546750622499054484e-01 7.244841888765897187e-01
4.172772901821961145e-01 7.297514806843029556e-01
4.204874796392524816e-01 7.267469327218141206e-01
4.269819991615863009e-01 7.410189350156344279e-01
4.314433929954103464e-01 7.296884257722169309e-01
4.367250359747433808e-01 7.260881096053048989e-01
4.425006391585405430e-01 7.291601124416524637e-01
4.462495732343257915e-01 7.206582601617878003e-01
4.496450526280537652e-01 7.209211841541833810e-01
4.520336464170055524e-01 7.222086099309035223e-01
4.543649990432926944e-01 7.037431632687793925e-01
4.563699487309200720e-01 6.950577566174789279e-01
4.606436547023878281e-01 6.995162644889215686e-01
4.645673140830354764e-01 6.989462058114891407e-01
4.680554825113588113e-01 7.079448352268669087e-01
4.712798385877953189e-01 7.103785294616715706e-01
4.752725193569468098e-01 7.089669770367366120e-01
4.795085516550453564e-01 7.102649947287663634e-01
4.832511618495399230e-01 7.092058058980508228e-01
4.863506219304116196e-01 7.055785524446860357e-01
4.172368404288963051e-01 6.807053023015445792e-01
3.818900540413253664e-01 6.407730898340223691e-01
3.851968109839244425e-01 6.506488565316244088e-01
3.904691271776825068e-01 6.692317866071857413e-01
3.958289203674670853e-01 6.741043404943529715e-01
4.003378980777911877e-01 6.845673055398453499e-01
4.049782227758395581e-01 6.958128328024939524e-01
3.857535111138976625e-01 6.711368281234096900e-01
3.391883068664672263e-01 6.472193906992732559e-01
3.416353626633223395e-01 6.511957068326456044e-01
3.457372686294709618e-01 6.593533246749652132e-01
3.498566795484367997e-01 6.622746486777850716e-01
3.541344315869885406e-01 6.679802519648522230e-01
3.592039114453960957e-01 6.786124469686432015e-01
3.643622954306547923e-01 6.801734956201413995e-01
3.735560399395022046e-01 6.888167838689394085e-01
3.861076576190843879e-01 6.943890289301628549e-01
3.999276548474527404e-01 6.912958249038474445e-01
4.196878036643364451e-01 6.971118063309559298e-01
4.247514311884019733e-01 6.886290480753632925e-01
2.209467908792586976e-01 5.854241308113521391e-01
2.181448393871972813e-01 5.470779903193548899e-01
2.300217249016517640e-01 5.333779716683331173e-01
2.493958400631347272e-01 5.343842087255594731e-01
2.842228224023112815e-01 5.384707329825544342e-01
3.015311499532190576e-01 5.553682614479198421e-01
3.215971169724020085e-01 5.643772435152051292e-01
3.394215470375200883e-01 5.666495904256801941e-01
2.287568705853407491e-01 4.593549721373458850e-01
2.276107524271395732e-01 7.303701196668661577e-01
2.318659763395936602e-01 7.281940117973989546e-01
2.253144911908010195e-01 4.246526454391424954e-01
2.295273292348825045e-01 4.267032604800411466e-01
2.334339323448046399e-01 4.274627091248438537e-01
2.494971807706505285e-01 4.260283350411396830e-01
2.688323889766295882e-01 4.284332628266673826e-01
2.843168710667128840e-01 4.282909376034166327e-01
3.003838421443754680e-01 4.444737577252103611e-01
2.682209273979264674e-01 4.085787587885840733e-01
2.552907997983718813e-01 4.016708598085005910e-01
2.686551220247265781e-01 4.062326608155606422e-01
2.830964641458695863e-01 4.072255419899136752e-01
2.970054394571473022e-01 4.161693050332604393e-01
3.110408124069364844e-01 4.146465149822810003e-01
3.252426576442621342e-01 4.228760714076001959e-01
3.398117257672675917e-01 4.303108999376630273e-01
3.546940333157303504e-01 4.238958566803687766e-01
3.683991463235907204e-01 4.209749683939044695e-01
3.799525216862341681e-01 4.320775113488005692e-01
3.894883217748489335e-01 4.373167915857997246e-01
3.981176095979555574e-01 4.419599836489489508e-01
4.050644868373765028e-01 4.498775152217540096e-01
3.892809109335604867e-01 4.310559005642941033e-01
3.860656160642671475e-01 4.206645962025573615e-01
3.919674575794594440e-01 4.061989517218559387e-01
3.974494678519593371e-01 4.088545179037306188e-01
4.026058599020261863e-01 4.043875009826765066e-01
4.074694230815622542e-01 4.032542122452368316e-01
4.122486406849988905e-01 4.087533813858682530e-01
4.161926588053341258e-01 4.104851762792065539e-01
4.205160493289700208e-01 4.168981540909156847e-01
4.225683580843304088e-01 4.209119997598584906e-01
4.246199637045438569e-01 4.210753929470933965e-01
4.261741180044023025e-01 4.263217172562859814e-01
4.272728294145886063e-01 4.298519077560079005e-01
4.076917393677175205e-01 4.256102751119393846e-01
4.105828402259898979e-01 4.279888794842351407e-01
4.128477485835464478e-01 4.279838072640452795e-01
4.150932691964662746e-01 4.271403327383244131e-01
4.165679035795320506e-01 4.324746282461714442e-01
4.179143446095475167e-01 4.328932055387683109e-01
4.186137886826609700e-01 4.320387147051881760e-01
4.195082911276062920e-01 4.317589761487274913e-01
4.195589726099714367e-01 4.310637124374010476e-01
4.206248513604342598e-01 4.363460509661527542e-01
4.200609287020206084e-01 4.403617351125301838e-01
4.200346018548096194e-01 4.424994077852367758e-01
4.186513766437777728e-01 4.428689660215905377e-01
4.181267692779156997e-01 4.422877755770627806e-01
4.176924635335684255e-01 4.462122018043962468e-01
4.170846096801189562e-01 4.442191501491797867e-01
4.164488011024857772e-01 4.446391350850384949e-01
4.157191676550379134e-01 4.419473845129442413e-01
4.145329842100295425e-01 4.425547619814623745e-01
4.128565662390025759e-01 4.414506765372914199e-01
4.118789969230848280e-01 4.419144164947705899e-01
4.104183408613431006e-01 4.382264389976578967e-01
4.095878495701056332e-01 4.365679922008877112e-01
4.866504620134099457e-01 4.699558344976888513e-01
5.288991818793035149e-01 4.723191504871183666e-01
5.290352232481195793e-01 4.672303841047452666e-01
5.280533147507808778e-01 4.644364127936791986e-01
5.266776879524610600e-01 4.653946441579033255e-01
5.239495458196695710e-01 4.710373992942982202e-01
5.204551708385941611e-01 4.668381287338133623e-01
5.183335381756528637e-01 4.576313517112644558e-01
5.157615410767061315e-01 4.443271813567863937e-01
5.144310573575692214e-01 4.320171404932905412e-01
5.111795197245718736e-01 4.293891701878951306e-01
5.073723990562102326e-01 4.251966037311963875e-01
5.047577085511461004e-01 4.227826762018108697e-01
5.010156901678628483e-01 4.260415052190583696e-01
4.975322639226797961e-01 4.230064623207219210e-01
4.936444957801929823e-01 4.160689527835289558e-01
4.916403831442990868e-01 4.130143888149124809e-01
4.896626505958733833e-01 3.990415724006540765e-01
4.872854777277361715e-01 3.873542580920871226e-01
4.844579797882464511e-01 3.699351410603296531e-01
4.828410445976840104e-01 3.641085292530413797e-01
4.941630630757746223e-01 4.151286821691103635e-01
5.038473514553936106e-01 4.227796185452636912e-01
5.022568265809941312e-01 4.094287986386662137e-01
4.995892046380888685e-01 4.040472146730125225e-01
4.957671517969052810e-01 4.012109111121623384e-01
4.911514534687810851e-01 3.975991303259743814e-01
4.875486163589751176e-01 3.719638034482625200e-01
4.833536111622005471e-01 3.741451196876309782e-01
4.833536111622005471e-01 3.741451196876309782e-01
4.755785098111086628e-01 3.800778593681944928e-01
4.712243794047014100e-01 3.864502906931414072e-01
4.672760230548706484e-01 3.963967290470684635e-01
4.637779214488237933e-01 4.008131208727423456e-01
4.608636521278620113e-01 4.078526565729598818e-01
4.591729677314914104e-01 4.064820833157855029e-01
4.603144457002030232e-01 4.071573730419734138e-01
4.578807297831452017e-01 4.060688167206549792e-01
4.541186348271376017e-01 4.046543633408596907e-01
4.491084360501920725e-01 4.024783921032437650e-01
4.442372716109617703e-01 3.991545426072732328e-01
5.021631746334414004e-01 4.305610269566806370e-01
5.815775726889189645e-01 4.401260993476108219e-01
6.125458642207244342e-01 4.388050334858607515e-01
6.028116930298892395e-01 4.439789819946678984e-01
5.916465095599818813e-01 4.473331717461219714e-01
5.841022188393681924e-01 4.385700943930042062e-01
5.723577066163714200e-01 4.415982907446971417e-01
5.598635123513744372e-01 4.366912598809239432e-01
5.480379596460057678e-01 4.395444656696837482e-01
5.630730186294012896e-01 4.691591820357542408e-01
5.663655711457545872e-01 4.797675322274800314e-01
5.565513817820224585e-01 4.832617199717816892e-01
5.471866918736688623e-01 4.865165376816987797e-01
5.385685524828200954e-01 4.884675222313670240e-01
5.319431784051935619e-01 4.947045818137935091e-01
5.244435670588907250e-01 4.997870123788304975e-01
5.218506314282362890e-01 4.625744179427601077e-01
5.142524519489112267e-01 4.646725688869859372e-01
5.050614983926701163e-01 4.519401156415194798e-01
5.018349072376364628e-01 4.532705192572399344e-01
4.984809248873472431e-01 4.379009262971162997e-01
4.955969838422252804e-01 4.359886117657292282e-01
4.745539721857152671e-01 4.244755047458976804e-01
4.562116915629353397e-01 4.230294528165071677e-01
4.517553577176256496e-01 4.212656941073926742e-01
4.485669781264960965e-01 4.316655427350024610e-01
4.450510510293858024e-01 4.325744586933599756e-01
4.428751111938941665e-01 4.285663223540616684e-01
4.728518142970338789e-01 4.240204657379359476e-01
4.746575089185049445e-01 4.241892331314622844e-01
4.719910371522165748e-01 4.279344522650255778e-01
4.676901507783542411e-01 4.319186244652262197e-01
4.631936358086190531e-01 4.435247511224122974e-01
4.590045067302189752e-01 4.349046433177612414e-01
4.557557207335573568e-01 4.342133129744299991e-01
4.532703743567143562e-01 4.279258800269762908e-01
4.524640725438519029e-01 4.583908985027105309e-01
4.519699503569329369e-01 4.596568177083636408e-01
4.500179355765503431e-01 4.694567446514675835e-01
4.486891059271632676e-01 4.760855740508496137e-01
4.475034458783930802e-01 4.767800152821739523e-01
4.457341466410796871e-01 4.865129148727802555e-01
4.451907333274429668e-01 4.980399042117168440e-01
4.440472841729902198e-01 4.907408626472512525e-01
4.422151645359623795e-01 5.053734662327080684e-01
4.418676609278341938e-01 5.198573837991269375e-01
4.405190285713491138e-01 5.245564328505291085e-01
4.389177273350153285e-01 5.239510060091804311e-01
4.374971559249538622e-01 5.215999594440294818e-01
4.478532698632848863e-01 6.026923416297824687e-01
4.402150476064647933e-01 6.049414313771604990e-01
4.390756698860648899e-01 6.085176944865164916e-01
4.386532291524583016e-01 6.111276869756330221e-01
4.385553947543145981e-01 6.110661595724370398e-01
4.383800610859441282e-01 6.149261420306506576e-01
4.375270317014828825e-01 6.192958387994653702e-01
4.361960640349090146e-01 6.190556346941895605e-01
4.339506074380750644e-01 6.228928986520195776e-01
4.329104002861251521e-01 6.241045251507324476e-01
4.326076584784080414e-01 6.192684803192098908e-01
4.318375087766213594e-01 6.194008931393619743e-01
4.319080326061771613e-01 6.182883900566729096e-01
4.308155554985073077e-01 6.175379554188283882e-01
4.296974230056016530e-01 6.214595327265917124e-01
4.337635857828834318e-01 5.651944861787430163e-01
4.332490234363955972e-01 5.514501787378728315e-01
4.320857443727378344e-01 5.517375776190013292e-01
4.300101999826756449e-01 5.472552872628102527e-01
4.287283667513823171e-01 5.425234218426983057e-01
4.264188035272774013e-01 5.476656492939370180e-01
4.236450503087897945e-01 5.519661325066733681e-01
4.199206198303386262e-01 5.509183489343829621e-01
4.162212409031570415e-01 5.270645416678954032e-01
4.135955758733788623e-01 5.091756569091507867e-01
4.099712804933159371e-01 4.986108416559666967e-01
4.069620055724540997e-01 5.109130217602734225e-01
4.035037768015369286e-01 4.916252393705897727e-01
4.009361157338998671e-01 4.799260935742323264e-01
3.987457345157445765e-01 4.876577453922662508e-01
3.976415903468821789e-01 4.832203548743727595e-01
3.963698427756513487e-01 4.878282293427563809e-01
3.954496748725527810e-01 4.838036660855937754e-01
3.989835129784257139e-01 4.910133293372762608e-01
5.027945580097200606e-01 5.003233680674405992e-01
5.176877588202974945e-01 5.150255182077092542e-01
5.163907891907473235e-01 5.250161714570817928e-01
5.143931249582796017e-01 5.183380425642629685e-01
5.099754159094038730e-01 5.170327830437935202e-01
5.684181435559382267e-01 4.958389452977881584e-01
5.694805775549915960e-01 4.979939682867585704e-01
5.644035127978371813e-01 4.984428193403193097e-01
5.572055156629882600e-01 5.014881784007318988e-01
5.495431389620948348e-01 5.071212349387370644e-01
5.403818786100066385e-01 5.142503316883110243e-01
5.318260145329727351e-01 5.077784640745420797e-01
5.207657087034871513e-01 5.056751262988428142e-01
5.142124633953775170e-01 4.926848020840177700e-01
5.564076894365777015e-01 4.526958057060801455e-01
5.461553235937618433e-01 4.612493768262302396e-01
5.378146971298525258e-01 4.684037561246998660e-01
5.297471972722016531e-01 4.695138508000630262e-01
5.214913940100245338e-01 4.658632155201392067e-01
5.123938435181888407e-01 4.680241579958208664e-01
5.029266994198839935e-01 4.780660113045914761e-01
4.968101629963425081e-01 4.841097371315261633e-01
4.901874088670871155e-01 4.931824697367166443e-01
4.854677904999737947e-01 4.884220023820180501e-01
4.807290085829401538e-01 4.889593907803677642e-01
4.765938239607887539e-01 4.882883935402630993e-01
4.724119341057330668e-01 4.924879195247702235e-01
4.685971655905094013e-01 4.928033831111000573e-01
4.655786978761913275e-01 4.861596124014397891e-01
4.631250097519166720e-01 4.774862658866045884e-01
4.613143364968211313e-01 4.751167646416525336e-01
4.596975986499310385e-01 4.807312326866162167e-01
4.574856724221400550e-01 4.840220562763587475e-01
4.547650865855935587e-01 4.840644327443370809e-01
4.514431304472571460e-01 4.857106330093359237e-01
4.478072962541052027e-01 4.751051124936404024e-01
4.442077324410388384e-01 4.752006116589487794e-01
4.401228783656149224e-01 4.739163446776946120e-01
4.362299980430732194e-01 4.724511746059575357e-01
4.319870309640357897e-01 4.744090329714235610e-01
4.285018453826340834e-01 4.713617027362797529e-01
4.250886286320965657e-01 4.704779758093139419e-01
4.215634194904208654e-01 4.668011199121984145e-01
4.183829913156115188e-01 4.680795675730995420e-01
4.161668896770958637e-01 4.698176178771605871e-01
4.138091631085630273e-01 4.676627827441884877e-01
4.128758950363570213e-01 4.640081387293821802e-01
4.118826365428772118e-01 4.643582275844724272e-01
4.104694327780869512e-01 4.672285876439812302e-01
4.178640278505491024e-01 4.648789151670723596e-01
4.309785878344832843e-01 4.785830068344913979e-01
4.299323143593561380e-01 4.812050008090362763e-01
4.282973579533635444e-01 4.850212574412677835e-01
4.258838461004058606e-01 4.889149272074212460e-01
4.232230525563799861e-01 4.985015376815591370e-01
4.202118172486269954e-01 5.021092617709685957e-01
4.171212297428560367e-01 5.108656928610240122e-01
4.143017820464230394e-01 5.160363297743626454e-01
4.718652257642284020e-01 5.242466276636577049e-01
4.722683351558391029e-01 5.297691345192065970e-01
4.696719740137225152e-01 5.283049497609993983e-01
4.654463138974277436e-01 5.245073067633380104e-01
4.590557283976547387e-01 5.277011890159825080e-01
4.526548937538465434e-01 5.215954496400996288e-01
4.554387318645655713e-01 5.208728702258178522e-01
5.583531730755013633e-01 5.528918957536417267e-01
5.729545691676116714e-01 5.589693895475962293e-01
5.644221393127255570e-01 5.582579411742547570e-01
5.543915972758509669e-01 5.608759795235801482e-01
5.441947084521459033e-01 5.573939159047454073e-01
5.346237617195939151e-01 5.557924650585885917e-01
5.228446409567288899e-01 5.563318952339700862e-01
5.156573429866193603e-01 5.582166967175420380e-01
5.450385290147132800e-01 5.830361848142252557e-01
5.359894438414494200e-01 5.984594221787812307e-01
5.277960640582727292e-01 6.124230102858404523e-01
5.189583034556242147e-01 6.312442581480103287e-01
5.096292351808344723e-01 6.352470674835959397e-01
5.013926393683125760e-01 6.290815363917912073e-01
4.951807305885150834e-01 6.328726483469770958e-01
4.878086500141279869e-01 6.221491102956175911e-01
4.819915458093304572e-01 6.190184570001858733e-01
4.756457077586113691e-01 6.137717894121340612e-01
4.700888617994918306e-01 5.983110017048309803e-01
4.651695245850587246e-01 5.925610509602583509e-01
4.604593352437665321e-01 5.955816864793432863e-01
4.568546853829809073e-01 5.942783158327091808e-01
4.526842127370548918e-01 5.995669894639825692e-01
4.476727122455350094e-01 6.041935195353121957e-01
4.429259789493443233e-01 5.997976119386667637e-01
4.378536135176526178e-01 5.915868795171876915e-01
4.322098615913793074e-01 5.822542263829226794e-01
4.278337793458973914e-01 5.749308199832181554e-01
4.238667262595264829e-01 5.895839297057765549e-01
4.203769307921662035e-01 5.827440987236600645e-01
4.167993597453819032e-01 5.740364389954355495e-01
4.130242890169411041e-01 5.625934702335853022e-01
4.102918990850628056e-01 5.614838578395644486e-01
4.084171372719319626e-01 5.671630621553107598e-01
4.067073718278710892e-01 5.783816793099131326e-01
4.031763429846747515e-01 5.309716883094921513e-01
4.014331486747634292e-01 5.055853396637495223e-01
4.008455582455661137e-01 5.076831656502935886e-01
4.008989863318527247e-01 5.107275289857637901e-01
4.023013690969853284e-01 5.203910066820652824e-01
4.011604156217799533e-01 5.088491218951152195e-01
3.158621616312706770e-01 4.653342623516206755e-01
3.159538227777071162e-01 4.782849469162357980e-01
3.212650018682872699e-01 4.851947276363299810e-01
3.203529901128232549e-01 4.882218634006976199e-01
3.199201824690960927e-01 4.869639239303533707e-01
3.263027007394095902e-01 4.915776649931582476e-01
3.265291743604691876e-01 4.955069680340598026e-01
3.337956668628219714e-01 5.038514065319162905e-01
3.345558709558101862e-01 5.054953611525607737e-01
3.425243525545781931e-01 5.051221259393291474e-01
3.415679222424530259e-01 5.034293690780138331e-01
3.438147475170950096e-01 4.978536468292547035e-01
3.582524162689515457e-01 4.839926180460781824e-01
3.614966940853033828e-01 4.805409901436238362e-01
3.646223961405545277e-01 4.883539157732910141e-01
3.672282212969245063e-01 4.939118142757553676e-01
3.729347247346261329e-01 4.940782330488976415e-01
3.774532525766716162e-01 5.001795817383680731e-01
3.819886506394454817e-01 5.004449004268727297e-01
3.866528338121590358e-01 5.041223474533946813e-01
3.891480326015145375e-01 4.773739479820502396e-01
3.927447547309502185e-01 4.804655181719992285e-01
3.960463870435588229e-01 4.841110424693753078e-01
3.979916868771354865e-01 4.864311486023692455e-01
3.994773603006110396e-01 4.828992505397272650e-01
4.011781842787945918e-01 4.846333930289116187e-01
4.032463092380322855e-01 4.799561962048195518e-01
4.062249317477021893e-01 4.803890783396845832e-01
4.076707648958383112e-01 4.899672583002119275e-01
4.075583760144459999e-01 4.928711292721034143e-01
4.059754854685982406e-01 4.951763591053816027e-01
4.032099787440029948e-01 4.939901828237931447e-01
4.000440895700007604e-01 4.920671134547935921e-01
3.951365546397990758e-01 5.029043664928077861e-01
3.924900375656371065e-01 5.049484993751615081e-01
3.899905106119285758e-01 5.054409195770531715e-01
3.869961235267268540e-01 5.032633969110695826e-01
3.844674311542002343e-01 5.013499881335350405e-01
3.828139388157444367e-01 5.008077212673804901e-01
3.821822694697598055e-01 5.041390935367001669e-01
4.738785600000146592e-01 6.199992666675799846e-01
5.848559441523136782e-01 6.968064288313016164e-01
6.577844679715196818e-01 7.192299927075138655e-01
6.516303796314260044e-01 7.113646995325105804e-01
6.405495697036182046e-01 7.008626611955878216e-01
6.267679633206331147e-01 6.945043011387072029e-01
6.098459366960600203e-01 6.873692511140480077e-01
6.209343445634323277e-01 6.587555845873498406e-01
6.583396409985069475e-01 5.882385501089749669e-01
6.432701797297600832e-01 5.821161786166574315e-01
6.277339344169707847e-01 5.874923250416852483e-01
6.135245980987790171e-01 5.915099537245742667e-01
5.990316288046936277e-01 5.977366643780407385e-01
5.864096250067025728e-01 6.005809161985425915e-01
5.759019552817992160e-01 5.983111983431982361e-01
5.751044707210710705e-01 5.566713031090995134e-01
5.639083748497955018e-01 5.536099758661784387e-01
5.537584776517071594e-01 5.571587930288335322e-01
5.441323774389524859e-01 5.594913914662389409e-01
5.368707872170584983e-01 5.629204776760997619e-01
5.288126447908101380e-01 5.629189480842627935e-01
5.226568981864809782e-01 5.631410417244350208e-01
5.160032531650169396e-01 5.592323643480487938e-01
5.116583259008631313e-01 5.579833995365809374e-01
4.999741666687812502e-01 5.471362468869478413e-01
4.944654526612975443e-01 5.431476809502514547e-01
4.906316168078928008e-01 5.461876577308809599e-01
4.873773743054741203e-01 5.523638027738766443e-01
4.845197362214848091e-01 5.565769151762673950e-01
4.829962951914287816e-01 5.541790055440214413e-01
4.811458765469175392e-01 5.517357154940683017e-01
4.808281502581179256e-01 5.499367833035333497e-01
4.815122641893576083e-01 5.519062420789269119e-01
4.818907940602951134e-01 5.509636208330855878e-01
4.829578423982797686e-01 5.514858049305046972e-01
4.842756992275847883e-01 5.501652042882314575e-01
4.762279779481460307e-01 6.681804494872071176e-01
4.704377981319688429e-01 7.779511830577980902e-01
4.671694949414358367e-01 7.942999189294516205e-01
4.692907167922444889e-01 7.927147128670153364e-01
4.711009519253539501e-01 7.912656244650634330e-01
4.742284425392596647e-01 7.875501784748919487e-01
4.758546393295824961e-01 7.820452898830381194e-01
4.801986892657980621e-01 7.843136055316439759e-01
4.659157838184008193e-01 8.222323694121318471e-01
4.650567704295106575e-01 8.151863303782496128e-01
4.663423116790413880e-01 8.134526150276134571e-01
4.664024335796987941e-01 8.023674458517542352e-01
4.657834726462142250e-01 7.869183166351975123e-01
4.664850649535614013e-01 7.719266537179254595e-01
4.664167974543008688e-01 7.470439592120721173e-01
4.333145816652407833e-01 7.450665975239585404e-01
4.354722025497395066e-01 7.279812558899035890e-01
4.384312421042314556e-01 7.185413845378088027e-01
4.417820095968381655e-01 7.135713220702886161e-01
4.448226670831308960e-01 7.140569630999882289e-01
4.480978820875241020e-01 7.164615060307699679e-01
4.521421062780236477e-01 7.221089860254196191e-01
4.547614181868470662e-01 7.300111252979772924e-01
4.573049988685399248e-01 7.352856349639447231e-01
4.578036442148177843e-01 7.318501696566526160e-01
4.625157112019093186e-01 7.340495989951900668e-01
4.665239356006531390e-01 7.328490393535691538e-01
4.686937342964398456e-01 7.313128821016112724e-01
4.712303680822658158e-01 7.268567017347291603e-01
4.754821174925112359e-01 7.231257626514054904e-01
4.790303939962818336e-01 7.187854442463874616e-01
4.830673322436481176e-01 7.159857139508865043e-01
4.866030854209739687e-01 7.104485651987793027e-01
4.910430304668794155e-01 7.065075433175910247e-01
4.969145715772431693e-01 7.036494078741499791e-01
5.022281472457463813e-01 6.967797111119843345e-01
5.085727163515340044e-01 6.903526257888445983e-01
5.140665808105281398e-01 6.839832893692705529e-01
5.208044518857666283e-01 6.807941417338130297e-01
5.266505542770658632e-01 6.744907466127405549e-01
2.916766197425764151e-01 7.081435631581547430e-01
2.886078970731590920e-01 6.925236781372815509e-01
2.884063478455137219e-01 6.756415377288422786e-01
2.988234509229245606e-01 6.680347340220407215e-01
3.110003237667405829e-01 6.734644221612943182e-01
3.231004705267028210e-01 6.780531667294691367e-01
3.356013382992966143e-01 6.821903729555376383e-01
3.488906402124732908e-01 6.880097964568918645e-01
3.619819018424235146e-01 6.900769248912983489e-01
3.727431405474426751e-01 6.910994557361804791e-01
3.861307633205252055e-01 6.969342591313544277e-01
3.977751433607669695e-01 6.939032805567209028e-01
4.092773664244436782e-01 6.922243061509019135e-01
4.196725920114860453e-01 6.861324525346603753e-01
4.307884395338329453e-01 6.820269420224467360e-01
4.407337676999901754e-01 6.772720583278337703e-01
4.503977858783789756e-01 6.688644860078956089e-01
4.583608244826795075e-01 6.623513012676374156e-01
4.654243557586884572e-01 6.634321913315588404e-01
4.712048519955467363e-01 6.633606632169919415e-01
4.764759801916522153e-01 6.617360130326119805e-01
4.804116459712477472e-01 6.623007062715005056e-01
4.840582238961215755e-01 6.640925666627005564e-01
4.883755957564369088e-01 6.631240324701457300e-01
4.921102433347511740e-01 6.665257429337803075e-01
4.950753946823842067e-01 6.680142551782913829e-01
4.972423317172917079e-01 6.698433203863265462e-01
4.988945939300033494e-01 6.697500323036262859e-01
4.999031379591145630e-01 6.719229209685511073e-01
5.021098549743790995e-01 6.718976328493351247e-01
5.045901019508449714e-01 6.718421941016767818e-01
5.064390289322313610e-01 6.712808612796188346e-01
5.088880901149399616e-01 6.742714898776254184e-01
5.106547468803690482e-01 6.715476442231096410e-01
5.056838502149653136e-01 6.794562637618495327e-01
4.758141675233821810e-01 7.697387688116033022e-01
4.807177052425281039e-01 8.278371904207248999e-01
4.835313068530703862e-01 8.225047404406745644e-01
4.863795983058742389e-01 8.234948286176685395e-01
4.882882604117407266e-01 8.171979166584288912e-01
4.903586894270549612e-01 8.162389286024255286e-01
4.921053895061026084e-01 8.085880669018415956e-01
4.938530818124227117e-01 8.042576669379006837e-01
4.955337013921127243e-01 8.033049269690929473e-01
4.965490117379434132e-01 8.042332152634217302e-01
4.980703307586065165e-01 8.067821223682360987e-01
4.971920615120679621e-01 8.044641218996668730e-01
4.983888011468325385e-01 8.035820903029629036e-01
4.996093987227352429e-01 8.040009513032410071e-01
5.020391491322377941e-01 8.079673318292373008e-01
5.040517501485428653e-01 8.083379521862801287e-01
5.058116386447438773e-01 8.087567377820225056e-01
5.070092725265696876e-01 8.045780988015192037e-01
5.032164406237207288e-01 8.063011645048485665e-01
4.930478173726883240e-01 8.127042300889504300e-01
4.954850079582035494e-01 8.099589420787889349e-01
5.020315865238187403e-01 8.266112053145419081e-01
5.056199542919080914e-01 8.277879328474135878e-01
5.079749215363905668e-01 8.246976094753617481e-01
5.119753208869071148e-01 8.280051750986925363e-01
4.739684495687687127e-01 8.875614543855694372e-01
4.386382626048763167e-01 9.336368245869921534e-01
4.444712865821597303e-01 9.330081257287392571e-01
4.495120201523339354e-01 9.324818448217939704e-01
4.556179389583719930e-01 9.347630290870844183e-01
4.620740505793536346e-01 9.380749692446185284e-01
4.687771300042490319e-01 9.431638656691836431e-01
4.755219686675465907e-01 9.425349947234481496e-01
4.818752010287020160e-01 9.424038474311784430e-01
4.881606185327148073e-01 9.395576886506791237e-01
4.954662392273000426e-01 9.390592091868518176e-01
5.014536512587864925e-01 9.362240367016324560e-01
5.080441269103795898e-01 9.362870610943174743e-01
5.171935221145289585e-01 9.301252436317702932e-01
5.163730914014250661e-01 9.424684469201006776e-01
5.234782693714293833e-01 9.631976602216232308e-01
4.057024095392313678e-01 9.601937828111238860e-01
4.250839029951533066e-01 9.628742133365525424e-01
4.250839029951533066e-01 9.628742133365525424e-01
4.328119141835150563e-01 9.233827791147650732e-01
4.328119141835150563e-01 9.233827791147650732e-01
4.328119141835150563e-01 9.233827791147650732e-01
4.344483328016187085e-01 9.238362475463729462e-01
4.355528554572094535e-01 9.248353419521333496e-01
4.355528554572094535e-01 9.248353419521333496e-01
4.355528554572094535e-01 9.248353419521333496e-01
4.355528554572094535e-01 9.248353419521333496e-01
4.369292458625861353e-01 9.251896670442764092e-01
4.383994008754777960e-01 9.275063209785261442e-01
4.460531628901113210e-01 9.377522367943867954e-01
4.530033377222348889e-01 9.508044348641313537e-01
4.570693290106130346e-01 9.519841866993440371e-01
4.560181551682777612e-01 9.477887810206538921e-01
4.350231842022607154e-01 8.488394624221684559e-01
4.399893200215986289e-01 8.444160970569839497e-01
4.399893200215986289e-01 8.444160970569839497e-01
4.399893200215986289e-01 8.444160970569839497e-01
4.395116221334254836e-01 8.381160158613107924e-01
3.240791428768162175e-01 8.181086851051220243e-01
3.289139629506790397e-01 8.069455341643858581e-01
3.332741378726805648e-01 8.049724353871067217e-01
3.386295086839085089e-01 8.082703556704742276e-01
3.451124938295945799e-01 7.999971710706365036e-01
3.577120736330876016e-01 7.955245038475298180e-01
3.370796481878560735e-01 7.303812296979514951e-01
3.221244817229485524e-01 7.218959667638111810e-01
3.923862626679800458e-01 7.899122096158011086e-01
3.924884823508050791e-01 7.896987913800883607e-01
3.924884823508050791e-01 7.896987913800883607e-01
3.937396367576574407e-01 7.970721746470010860e-01
4.030844629294458303e-01 8.100655993292216195e-01
4.262893496354441814e-01 8.776603468773267469e-01
4.411367586854130773e-01 8.742344297968690503e-01
4.573120333043468877e-01 8.775704922232999694e-01
4.691453824931278160e-01 8.689334276125350032e-01
3.587357214660041871e-01 8.105763580553787540e-01
3.643182120232412169e-01 8.187088738967682744e-01
3.708060176880285108e-01 8.190316637400845146e-01
3.769330633133948782e-01 8.203008791817402168e-01
3.980068870238518963e-01 8.655916466985451585e-01
4.015694373445007903e-01 8.641063570414367900e-01
4.123155840486392165e-01 8.541274298746487359e-01
4.175666859031005873e-01 8.429024105658646793e-01
4.218616634530382714e-01 8.409088522792056430e-01
4.247037522740911841e-01 8.240734768193220816e-01
4.269444661577622702e-01 8.183150097391073130e-01
4.284168035361564653e-01 8.123467589105068942e-01
4.299528213766657947e-01 8.192517564767222149e-01
4.290578392114557937e-01 8.163002255344657954e-01
4.283486859314270534e-01 8.201895221093447041e-01
4.269989655090413727e-01 8.264204274415255513e-01
4.247462646802810937e-01 8.279669676091953034e-01
4.230123326898098668e-01 8.330557861713130396e-01
4.211190448976953604e-01 8.331016584799112445e-01
4.204119151848711988e-01 8.357743269105908368e-01
3.892887111241497555e-01 8.397569596213834142e-01
3.590579382812169040e-01 8.354474336736290585e-01
3.618279184738549814e-01 8.497429568201497752e-01
3.623356222765384826e-01 8.614516858741323446e-01
3.611216743494257697e-01 8.593369952785822052e-01
3.582230055405560276e-01 8.533393396772792627e-01
3.576553763209618930e-01 8.545271966518986906e-01
4.014975646158783773e-01 8.553773584720338885e-01
4.177682344934814940e-01 8.543866602674745625e-01
4.151367962584965876e-01 8.507807864132812536e-01
4.159775074451562693e-01 8.566410431168852702e-01
4.170375970148974543e-01 8.569807329730873002e-01
4.163660943667885084e-01 8.569843639869788587e-01
4.173339638805511065e-01 8.640540621658747700e-01
4.177968312954238317e-01 8.584377179010251879e-01
4.177968312954238317e-01 8.584377179010251879e-01
4.181455142531141922e-01 8.567284882948389413e-01
4.075162811888978220e-01 8.937241248570390040e-01
3.959862500568555599e-01 8.420790727617614158e-01
3.968041520443551518e-01 8.409216717297351984e-01
3.981347099017638058e-01 8.396258592042318281e-01
4.014233847055268534e-01 8.432204447690312410e-01
4.051373761592446110e-01 8.477331987342302533e-01
4.068819108782541494e-01 8.481422871290831278e-01
4.094954740278898830e-01 8.406367519323717508e-01
4.094954740278898830e-01 8.406367519323717508e-01
4.154516477371380523e-01 8.422734544503081011e-01
4.192662740281557499e-01 8.451546938113830842e-01
4.220138890850869684e-01 8.477669826757938676e-01
4.428137933661607240e-01 9.088830430038165042e-01
4.479649900362086545e-01 9.120042363062766944e-01
4.396679102661238403e-01 8.606503406786023547e-01
4.403951786327563456e-01 8.595519792838390849e-01
4.447005970419419252e-01 8.569162403946157802e-01
4.384313000467082166e-01 8.503502984130490994e-01
3.153631491211817961e-01 8.287351237004076943e-01
3.172635211653439535e-01 8.280761062108967785e-01
6.200146212375491350e-01 6.132004419304941667e-01
2.429825500894661483e-01 7.673990262825148845e-01
2.509735488628461741e-01 7.696672769121414293e-01
2.564725010291705187e-01 7.704058132886562049e-01
2.642040450564896448e-01 7.729140445575105600e-01
2.684810249377380109e-01 7.455498809174001540e-01
2.703164363545869087e-01 7.451809571750718231e-01
2.746098767719418743e-01 7.433187363017692562e-01
2.929643891642494946e-01 7.672616678831608583e-01
2.214159910098244810e-01 6.707669014253186957e-01
2.245067649536530152e-01 6.685979748101116282e-01
2.269492489948349012e-01 6.686775641139242055e-01
2.296964280958010696e-01 6.687844863780134652e-01
2.488068669104613606e-01 6.766099536780570967e-01
2.588733365245993734e-01 6.874558090452537185e-01
2.675106773805814298e-01 7.011159898614671704e-01
2.779962668736094544e-01 7.234351992406699017e-01
2.838695254539521096e-01 7.274666266155094263e-01
2.864559463126351013e-01 7.459412784185186496e-01
2.966991714665800361e-01 7.699777677039159052e-01
2.383211398109839063e-01 7.382329693272648985e-01
2.383211398109839063e-01 7.382329693272648985e-01
2.498400408940640582e-01 7.495323019839643663e-01
2.592132559547619119e-01 7.453274315430380437e-01
2.724765346762159646e-01 7.679251222656102716e-01
2.846719811763964714e-01 7.513989956483014820e-01
2.988022381784251058e-01 7.614254702241912698e-01
3.097916153574453713e-01 7.524018847700261192e-01
3.250893684389868921e-01 7.518626232859200176e-01
3.389793477485095741e-01 7.496934066548454068e-01
3.665586546084657615e-01 8.245942997244127826e-01
3.806221280201265711e-01 8.162802524529675363e-01
3.966378483086868134e-01 8.148243559636360045e-01
4.129942045837785014e-01 8.068270007277766886e-01
4.254031886241086968e-01 7.998425731310349063e-01
4.376484293750489418e-01 7.871959493665303675e-01
4.498922926929161403e-01 7.797329345916141907e-01
4.636425479672886540e-01 7.791840904403102286e-01
4.736625954828180829e-01 7.664971516182742528e-01
4.848322394796973356e-01 7.630110437857613448e-01
4.952503117172698532e-01 7.526450124071244474e-01
3.987663592114582545e-01 7.637457475522457795e-01
3.406819256275959162e-01 7.782605796932479114e-01
2.877189623816570063e-01 7.771460836467627420e-01
2.602661255926390083e-01 7.815458545342522934e-01
2.670810253699708592e-01 8.010245761760693695e-01
2.670810253699708592e-01 8.010245761760693695e-01
2.670810253699708592e-01 8.010245761760693695e-01
2.823832082720542092e-01 7.868029324278165149e-01
2.823832082720542092e-01 7.868029324278165149e-01
3.003662299199584274e-01 7.836401069414647980e-01
3.116742774598476595e-01 7.875842975148666936e-01
3.244756422932833506e-01 7.902140354329276750e-01
3.407429992396132090e-01 7.991279416377958800e-01
3.503228734423952662e-01 7.455073104709077914e-01
3.811627164222133324e-01 8.179965993406406177e-01
3.911422179562815127e-01 8.122790048310847277e-01
3.911422179562815127e-01 8.122790048310847277e-01
4.094070426273860863e-01 7.740642935792756418e-01
3.511486071308430046e-01 6.533069753961353587e-01
3.283441494560801477e-01 4.521690577208967721e-01
3.228302491168341670e-01 4.120065652238789067e-01
3.277235628811275836e-01 3.432162036489087020e-01
3.384762299962608689e-01 4.123802700191476767e-01
3.408624268496803777e-01 4.140703609181168865e-01
3.507677939551313573e-01 4.194539903329564945e-01
3.498337315413378446e-01 3.002822825507782678e-01
3.559905282836133833e-01 4.091425789111404754e-01
3.610686027881123694e-01 4.146842397946476355e-01
3.656624928260870933e-01 4.213583831231471066e-01
3.880280867088260477e-01 4.451381604947777237e-01
3.904852117915074694e-01 4.467913351826258150e-01
4.066999169448728968e-01 4.606595296751044843e-01
4.152403540006268656e-01 4.905046483571340321e-01
4.189146967689806322e-01 5.201454465372539193e-01
4.248132502638273245e-01 5.131209662155360451e-01
4.162919710545803786e-01 4.418880027014031597e-01
4.209684289010519054e-01 3.943491081743992765e-01
4.263486399834505169e-01 3.749988059316521349e-01
4.318987014783726153e-01 3.845264716597154298e-01
4.426684341056346672e-01 3.853725007312966966e-01
4.444840139785528055e-01 3.784493506364550175e-01
4.459762304492963514e-01 3.757503486763033029e-01
4.468174519796171973e-01 3.796911210729582153e-01
4.506064712390373539e-01 3.720266453069110968e-01
4.507788655360077112e-01 3.769335238654011322e-01
4.520216523616710225e-01 3.755274588567732996e-01
4.531262020819006864e-01 3.732967884291020777e-01
4.544406218041392442e-01 3.711397210869440411e-01
4.560555409670475902e-01 3.743757449899021150e-01
4.583276272920914773e-01 3.778507749464101728e-01
4.610147945953675941e-01 3.766792996869177124e-01
4.321680785055476148e-01 4.307157017310829783e-01
3.559448936034986799e-01 5.522300971010812853e-01
3.296587267030346435e-01 5.875470309280519388e-01
3.346556961800891128e-01 5.908032331248191937e-01
3.392971395843177862e-01 5.917729193110052854e-01
3.437193268377095601e-01 5.956672063134045292e-01
3.507516429003586511e-01 5.901444367236734490e-01
3.560148482089672828e-01 5.817145256630744665e-01
3.615919773537778492e-01 5.756237500232607163e-01
3.682951282440393159e-01 5.764982737361115106e-01
3.735979301408862696e-01 5.713513242092311817e-01
3.786754655583879914e-01 5.564163603372227485e-01
3.853222464816382642e-01 5.523291184603273951e-01
3.904398989758078309e-01 5.326501469831116387e-01
3.951766705620761155e-01 5.307457333388533316e-01
4.013964879277320819e-01 5.346221549985142873e-01
4.080139480388030870e-01 5.185208366273142966e-01
3.811415419653090275e-01 5.405934260986258177e-01
3.864528482971967271e-01 5.359958335393473217e-01
3.894612613810569668e-01 5.219355851099365395e-01
3.903366351607814311e-01 5.026305133633948152e-01
