1.378068132999999989e+03
1.378101642999999967e+03
1.378135154000000057e+03
1.378168664000000035e+03
1.378202174000000014e+03
1.378235685000000103e+03
1.378269195000000082e+03
1.378302705999999944e+03
1.378336215999999922e+03
1.378369725999999901e+03
1.378403236999999990e+03
1.378436746999999968e+03
1.378470258000000058e+03
1.378503768000000036e+03
1.378537278000000015e+03
1.378570789000000104e+03
1.378604299000000083e+03
1.378637809999999945e+03
1.378671319999999923e+03
1.378704829999999902e+03
1.378738340999999991e+03
1.378771850999999970e+03
1.378805362000000059e+03
1.378838872000000038e+03
1.378872382000000016e+03
1.378905893000000106e+03
1.378939403000000084e+03
1.378972913999999946e+03
1.379006423999999924e+03
1.379039933999999903e+03
1.379073444999999992e+03
1.379106954999999971e+03
1.379140466000000060e+03
1.379173976000000039e+03
1.379207486000000017e+03
1.379240997000000107e+03
1.379274507000000085e+03
1.379308017999999947e+03
1.379341527999999926e+03
1.379375037999999904e+03
1.379408548999999994e+03
1.379442058999999972e+03
1.379475570000000062e+03
1.379509080000000040e+03
1.379542590000000018e+03
1.379576101000000108e+03
1.379609611000000086e+03
1.379643121999999948e+03
1.379676631999999927e+03
1.379710141999999905e+03
1.379743652999999995e+03
1.379777162999999973e+03
1.379810674000000063e+03
1.379877694000000020e+03
1.379911205000000109e+03
1.379944715000000087e+03
1.380011735999999928e+03
1.380045245999999906e+03
1.380078756999999996e+03
1.380145778000000064e+03
1.380179288000000042e+03
1.380212798000000021e+03
1.380246309000000110e+03
1.380279819000000089e+03
1.380313329999999951e+03
1.380346839999999929e+03
1.380380349999999908e+03
1.380413860999999997e+03
1.380447370999999976e+03
1.380480882000000065e+03
1.380514392000000043e+03
1.380547902000000022e+03
1.380581413000000111e+03
1.380614923000000090e+03
1.380648433999999952e+03
1.380681943999999930e+03
1.380715453999999909e+03
1.380748964999999998e+03
1.380815986000000066e+03
1.380849496000000045e+03
1.380950027000000091e+03
1.380983537999999953e+03
1.381017047999999932e+03
1.381050557999999910e+03
1.381117578999999978e+03
1.381151090000000067e+03
1.381184600000000046e+03
1.381251620999999886e+03
1.381285131000000092e+03
1.381318641999999954e+03
1.381352151999999933e+03
1.381385661999999911e+03
1.381419173000000001e+03
1.381452682999999979e+03
1.381486194000000069e+03
1.381519704000000047e+03
1.381586724999999888e+03
1.381620235000000093e+03
1.381653745999999956e+03
1.381720765999999912e+03
1.381754277000000002e+03
1.381787786999999980e+03
1.381854808000000048e+03
1.381921828999999889e+03
1.381955339000000095e+03
1.381988849999999957e+03
1.382022359999999935e+03
1.382055869999999913e+03
1.382089381000000003e+03
1.382156402000000071e+03
1.382223422000000028e+03
1.382256932999999890e+03
1.382290443000000096e+03
1.382323953999999958e+03
1.382357463999999936e+03
1.382390973999999915e+03
1.382424485000000004e+03
1.382457994999999983e+03
1.382491506000000072e+03
1.382558526000000029e+03
1.382625547000000097e+03
1.382726077999999916e+03
1.382793098999999984e+03
1.382826610000000073e+03
1.382860120000000052e+03
1.382893630000000030e+03
1.382927140999999892e+03
1.382994161999999960e+03
1.383061181999999917e+03
1.383128202999999985e+03
1.383161714000000075e+03
1.383228734000000031e+03
1.383262244999999893e+03
1.383295755000000099e+03
1.383329265999999961e+03
1.383362775999999940e+03
1.383396285999999918e+03
1.383429797000000008e+03
1.383463306999999986e+03
1.383496818000000076e+03
1.383530328000000054e+03
1.383563838000000032e+03
1.383597348999999895e+03
1.383630859000000100e+03
1.383664369999999963e+03
1.383697879999999941e+03
1.383731389999999919e+03
1.383764901000000009e+03
1.383798410999999987e+03
1.383831922000000077e+03
1.383865432000000055e+03
1.383898942000000034e+03
1.383932452999999896e+03
1.383965963000000102e+03
1.383999473999999964e+03
1.384032983999999942e+03
1.384066493999999921e+03
1.384100005000000010e+03
1.384133514999999989e+03
1.384167026000000078e+03
1.384200536000000056e+03
1.384234046000000035e+03
1.384267556999999897e+03
1.384301067000000103e+03
1.384334577999999965e+03
1.384368087999999943e+03
1.384401597999999922e+03
1.384435109000000011e+03
1.384468618999999990e+03
1.384502130000000079e+03
1.384535640000000058e+03
1.384569150000000036e+03
1.384602660999999898e+03
1.384636171000000104e+03
1.384669681999999966e+03
1.384703191999999945e+03
1.384736701999999923e+03
1.384770213000000012e+03
1.384803722999999991e+03
1.384837234000000080e+03
1.384870744000000059e+03
1.384904254000000037e+03
1.384937764999999899e+03
1.384971275000000105e+03
1.385004785999999967e+03
1.385038295999999946e+03
1.385071805999999924e+03
1.385105317000000014e+03
1.385138826999999992e+03
1.385172338000000082e+03
1.385205848000000060e+03
1.385239358000000038e+03
1.385272868999999901e+03
1.385306379000000106e+03
1.385339889999999968e+03
1.385373399999999947e+03
1.385406909999999925e+03
1.385440421000000015e+03
1.385473930999999993e+03
1.385507442000000083e+03
1.385540952000000061e+03
1.385574462000000040e+03
1.385607972999999902e+03
1.385641483000000107e+03
1.385674993999999970e+03
1.385708503999999948e+03
1.385742013999999926e+03
1.385775525000000016e+03
1.385809034999999994e+03
1.385842546000000084e+03
1.385876056000000062e+03
1.385909566000000041e+03
1.385943076999999903e+03
1.385976587000000109e+03
1.386010097999999971e+03
1.386043607999999949e+03
1.386077117999999928e+03
1.386110629000000017e+03
1.386144138999999996e+03
1.386177650000000085e+03
1.386211160000000064e+03
1.386244670000000042e+03
1.386278180999999904e+03
1.386311691000000110e+03
1.386345201999999972e+03
1.386378711999999950e+03
1.386445733000000018e+03
1.386479242999999997e+03
1.386512754000000086e+03
1.386546264000000065e+03
1.386579774000000043e+03
1.386613284999999905e+03
1.386646795000000111e+03
1.386680305999999973e+03
1.386713815999999952e+03
1.386747325999999930e+03
1.386780837000000020e+03
1.386814346999999998e+03
1.386847858000000087e+03
1.386881368000000066e+03
1.386914878000000044e+03
1.386948388999999906e+03
1.386981899000000112e+03
1.387015409999999974e+03
1.387048919999999953e+03
1.387082429999999931e+03
1.387115941000000021e+03
1.387149450999999999e+03
1.387182962000000089e+03
1.387216472000000067e+03
1.387249982000000045e+03
1.387283492999999908e+03
1.387317003000000113e+03
1.387350513999999976e+03
1.387384023999999954e+03
1.387417533999999932e+03
1.387451045000000022e+03
1.387484555000000000e+03
1.387518066000000090e+03
1.387551576000000068e+03
1.387585086000000047e+03
1.387618596999999909e+03
1.387652106999999887e+03
1.387685617999999977e+03
1.387719127999999955e+03
1.387752637999999934e+03
1.387786149000000023e+03
1.387819659000000001e+03
1.387853170000000091e+03
1.387886680000000069e+03
1.387920190000000048e+03
1.387953700999999910e+03
1.387987210999999888e+03
1.388020721999999978e+03
1.388054231999999956e+03
1.388087741999999935e+03
1.388121253000000024e+03
1.388154763000000003e+03
1.388188274000000092e+03
1.388221784000000071e+03
1.388255294000000049e+03
1.388288804999999911e+03
1.388322314999999890e+03
1.388355825999999979e+03
1.388389335999999957e+03
1.388422845999999936e+03
1.388456357000000025e+03
1.388489867000000004e+03
1.388523378000000093e+03
1.388556888000000072e+03
1.388590398000000050e+03
1.388623908999999912e+03
1.388657418999999891e+03
1.388690929999999980e+03
1.388724439999999959e+03
1.388757949999999937e+03
1.388791461000000027e+03
1.388824971000000005e+03
1.388858482000000095e+03
1.388891992000000073e+03
1.388925502000000051e+03
1.388959012999999914e+03
1.388992522999999892e+03
1.389026033999999981e+03
1.389059543999999960e+03
1.389093053999999938e+03
1.389126565000000028e+03
1.389160075000000006e+03
1.389193586000000096e+03
1.389227096000000074e+03
1.389260606000000053e+03
1.389294116999999915e+03
1.389327626999999893e+03
1.389361137999999983e+03
1.389428157999999939e+03
1.389461669000000029e+03
1.389495179000000007e+03
1.389528690000000097e+03
1.389562200000000075e+03
1.389595710000000054e+03
1.389629220999999916e+03
1.389662730999999894e+03
1.389696241999999984e+03
1.389729751999999962e+03
1.389763261999999941e+03
1.389796773000000030e+03
1.389830283000000009e+03
1.389863794000000098e+03
1.389897304000000076e+03
1.389930814000000055e+03
1.389964324999999917e+03
1.389997834999999895e+03
1.390031345999999985e+03
1.390064855999999963e+03
1.390098365999999942e+03
1.390165387000000010e+03
1.390198898000000099e+03
1.390265918000000056e+03
1.390299428999999918e+03
1.390332938999999897e+03
1.390366449999999986e+03
1.390433469999999943e+03
1.390466981000000033e+03
1.390500491000000011e+03
1.390534002000000100e+03
1.390567512000000079e+03
1.390634532999999919e+03
1.390701553999999987e+03
1.390735063999999966e+03
1.390802085000000034e+03
1.390869106000000102e+03
1.390902616000000080e+03
1.390936126000000058e+03
1.391036657999999989e+03
1.391103677999999945e+03
1.391170699000000013e+03
1.391204210000000103e+03
1.391237720000000081e+03
1.391271230000000060e+03
1.391304740999999922e+03
1.391338250999999900e+03
1.391371761999999990e+03
1.391405271999999968e+03
1.391438781999999946e+03
1.391472293000000036e+03
1.391505803000000014e+03
1.391539314000000104e+03
1.391572824000000082e+03
1.391606334000000061e+03
1.391639844999999923e+03
1.391673354999999901e+03
1.391706865999999991e+03
1.391740375999999969e+03
1.391773885999999948e+03
1.391807397000000037e+03
1.391840907000000016e+03
1.391874418000000105e+03
1.391907928000000084e+03
1.391941438000000062e+03
1.391974948999999924e+03
1.392008458999999903e+03
1.392041969999999992e+03
1.392075479999999970e+03
1.392108989999999949e+03
1.392142501000000038e+03
1.392176011000000017e+03
1.392209522000000106e+03
1.392243032000000085e+03
1.392276542000000063e+03
1.392310052999999925e+03
1.392343562999999904e+03
1.392377073999999993e+03
1.392410583999999972e+03
1.392444093999999950e+03
1.392477605000000040e+03
1.392511115000000018e+03
1.392544626000000108e+03
1.392578136000000086e+03
1.392611646000000064e+03
1.392645156999999926e+03
1.392678666999999905e+03
1.392712177999999994e+03
1.392745687999999973e+03
1.392779197999999951e+03
1.392812709000000041e+03
1.392846219000000019e+03
1.392879730000000109e+03
1.392913240000000087e+03
1.392946750000000065e+03
1.392980260999999928e+03
1.393047281999999996e+03
1.393080791999999974e+03
1.393114301999999952e+03
1.393147813000000042e+03
1.393181323000000020e+03
1.393214834000000110e+03
1.393248344000000088e+03
1.393281854000000067e+03
1.393315364999999929e+03
1.393348874999999907e+03
1.393382385999999997e+03
1.393415895999999975e+03
1.393449405999999954e+03
1.393482917000000043e+03
1.393516427000000022e+03
1.393549938000000111e+03
1.393583448000000089e+03
1.393616958000000068e+03
1.393650468999999930e+03
1.393683978999999908e+03
1.393717489999999998e+03
1.393750999999999976e+03
1.393784509999999955e+03
1.393818021000000044e+03
1.393851531000000023e+03
1.393885042000000112e+03
1.393918552000000091e+03
1.393952062000000069e+03
1.393985572999999931e+03
1.394019082999999910e+03
1.394052593999999999e+03
1.394086103999999978e+03
1.394119613999999956e+03
1.394153125000000045e+03
1.394186635000000024e+03
1.394220146000000113e+03
1.394253656000000092e+03
1.394287166000000070e+03
1.394320676999999932e+03
1.394354186999999911e+03
1.394387698000000000e+03
1.394421207999999979e+03
1.394454717999999957e+03
1.394488229000000047e+03
1.394521739000000025e+03
1.394555249999999887e+03
1.394588760000000093e+03
1.394622270000000071e+03
1.394655780999999934e+03
1.394689290999999912e+03
1.394722802000000001e+03
1.394756311999999980e+03
1.394789821999999958e+03
1.394823333000000048e+03
1.394856843000000026e+03
1.394890353999999888e+03
1.394923864000000094e+03
1.394957374000000073e+03
1.394990884999999935e+03
1.395024394999999913e+03
1.395057906000000003e+03
1.395091415999999981e+03
1.395124925999999959e+03
1.395158437000000049e+03
1.395191947000000027e+03
1.395225457999999890e+03
1.395258968000000095e+03
1.395292478000000074e+03
1.395325988999999936e+03
1.395359498999999914e+03
1.395393010000000004e+03
1.395426519999999982e+03
1.395460029999999961e+03
1.395493541000000050e+03
1.395527051000000029e+03
1.395560561999999891e+03
1.395661092999999937e+03
1.395694602999999915e+03
1.395728114000000005e+03
1.395761623999999983e+03
1.395795133999999962e+03
1.395828645000000051e+03
1.395862155000000030e+03
1.395895665999999892e+03
1.396096727999999985e+03
1.396130237999999963e+03
1.396163749000000053e+03
1.396197259000000031e+03
1.396230769999999893e+03
1.396264280000000099e+03
1.396297790000000077e+03
1.396331300999999939e+03
1.396364810999999918e+03
1.396398322000000007e+03
1.396431831999999986e+03
1.396465341999999964e+03
1.396498853000000054e+03
1.396532363000000032e+03
1.396565873999999894e+03
1.396599384000000100e+03
1.396632894000000078e+03
1.396666404999999941e+03
1.396699914999999919e+03
1.396733426000000009e+03
1.396766935999999987e+03
1.396800445999999965e+03
1.396833957000000055e+03
1.396867467000000033e+03
1.396900977999999895e+03
1.396934488000000101e+03
1.396967998000000080e+03
1.397001508999999942e+03
1.397035018999999920e+03
1.397068530000000010e+03
1.397102039999999988e+03
1.397135549999999967e+03
1.397169061000000056e+03
1.397202571000000034e+03
1.397236081999999897e+03
1.397269592000000102e+03
1.397303102000000081e+03
1.397336612999999943e+03
1.397370122999999921e+03
1.397403634000000011e+03
1.397437143999999989e+03
1.397470653999999968e+03
1.397504165000000057e+03
1.397537675000000036e+03
1.397571185999999898e+03
1.397604696000000104e+03
1.397638206000000082e+03
1.397671716999999944e+03
1.397705226999999923e+03
1.397738738000000012e+03
1.397772247999999990e+03
1.397805757999999969e+03
1.397839269000000058e+03
1.397872779000000037e+03
1.397906289999999899e+03
1.397939800000000105e+03
1.397973310000000083e+03
1.398006820999999945e+03
1.398040330999999924e+03
1.398073842000000013e+03
1.398107351999999992e+03
1.398140861999999970e+03
1.398174373000000060e+03
1.398207883000000038e+03
1.398241393999999900e+03
1.398274904000000106e+03
1.398308414000000084e+03
1.398341924999999947e+03
1.398375434999999925e+03
1.398408946000000014e+03
1.398442455999999993e+03
1.398475965999999971e+03
1.398509477000000061e+03
1.398542987000000039e+03
1.398576497999999901e+03
1.398610008000000107e+03
1.398643518000000086e+03
1.398677028999999948e+03
1.398710538999999926e+03
1.398744050000000016e+03
1.398777559999999994e+03
1.398811069999999972e+03
1.398844581000000062e+03
1.398878091000000040e+03
1.398911601999999903e+03
1.398945112000000108e+03
1.398978622000000087e+03
1.399012132999999949e+03
1.399045642999999927e+03
1.399079154000000017e+03
1.399112663999999995e+03
1.399146173999999974e+03
1.399179685000000063e+03
1.399213195000000042e+03
1.399246705999999904e+03
1.399280216000000109e+03
1.399313726000000088e+03
1.399347236999999950e+03
1.399380746999999928e+03
1.399414258000000018e+03
1.399447767999999996e+03
1.399481277999999975e+03
1.399514789000000064e+03
1.399548299000000043e+03
1.399581809999999905e+03
1.399615320000000111e+03
1.399648830000000089e+03
1.399682340999999951e+03
1.399715850999999930e+03
1.399749362000000019e+03
1.399782871999999998e+03
1.399816381999999976e+03
1.399849893000000066e+03
1.399883403000000044e+03
1.399916913999999906e+03
1.399950424000000112e+03
1.399983934000000090e+03
1.400017444999999952e+03
1.400050954999999931e+03
1.400084466000000020e+03
1.400117975999999999e+03
1.400151485999999977e+03
1.400184997000000067e+03
1.400218507000000045e+03
1.400252017999999907e+03
1.400285528000000113e+03
1.400319038000000091e+03
1.400352548999999954e+03
1.400386058999999932e+03
1.400419570000000022e+03
1.400453080000000000e+03
1.400486589999999978e+03
1.400520101000000068e+03
1.400553611000000046e+03
1.400587121999999908e+03
1.400620631999999887e+03
1.400654142000000093e+03
1.400687652999999955e+03
1.400721162999999933e+03
1.400754674000000023e+03
1.400788184000000001e+03
1.400821693999999979e+03
1.400855205000000069e+03
1.400888715000000047e+03
1.400922225999999910e+03
1.400955735999999888e+03
1.400989246000000094e+03
1.401022756999999956e+03
1.401056266999999934e+03
1.401089778000000024e+03
1.401123288000000002e+03
1.401156797999999981e+03
1.401190309000000070e+03
1.401223819000000049e+03
1.401257329999999911e+03
1.401290839999999889e+03
1.401324350000000095e+03
1.401357860999999957e+03
1.401391370999999936e+03
1.401424882000000025e+03
1.401458392000000003e+03
1.401491901999999982e+03
1.401525413000000071e+03
1.401558923000000050e+03
1.401592433999999912e+03
1.401625943999999890e+03
1.401659454000000096e+03
1.401692964999999958e+03
1.401726474999999937e+03
1.401759986000000026e+03
1.401793496000000005e+03
1.401827005999999983e+03
1.401860517000000073e+03
1.401894027000000051e+03
1.401927537999999913e+03
1.401961047999999892e+03
1.401994558000000097e+03
1.402028068999999959e+03
1.402061578999999938e+03
1.402095090000000027e+03
1.402128600000000006e+03
1.402162109999999984e+03
1.402195621000000074e+03
1.402229131000000052e+03
1.402262641999999914e+03
1.402296151999999893e+03
1.402329662000000098e+03
1.402363172999999961e+03
1.402396682999999939e+03
1.402430194000000029e+03
1.402463704000000007e+03
1.402497213999999985e+03
1.402530725000000075e+03
1.402564235000000053e+03
1.402597745999999916e+03
1.402631255999999894e+03
1.402664766000000100e+03
1.402698276999999962e+03
1.402731786999999940e+03
1.402765298000000030e+03
1.402798808000000008e+03
1.402832317999999987e+03
1.402865829000000076e+03
1.402899339000000055e+03
1.402932849999999917e+03
1.402966359999999895e+03
1.402999870000000101e+03
1.403033380999999963e+03
1.403066890999999941e+03
1.403100402000000031e+03
1.403133912000000009e+03
1.403167421999999988e+03
1.403200933000000077e+03
1.403234443000000056e+03
1.403267953999999918e+03
1.403301463999999896e+03
1.403334974000000102e+03
1.403368484999999964e+03
1.403401994999999943e+03
1.403435506000000032e+03
1.403469016000000011e+03
1.403502525999999989e+03
1.403536037000000078e+03
1.403569547000000057e+03
1.403603057999999919e+03
1.403636567999999897e+03
1.403670078000000103e+03
1.403703588999999965e+03
1.403737098999999944e+03
1.403770610000000033e+03
1.403804120000000012e+03
1.403837629999999990e+03
1.403871141000000080e+03
1.403904651000000058e+03
1.403938161999999920e+03
1.403971671999999899e+03
1.404005182000000104e+03
1.404038692999999967e+03
1.404072202999999945e+03
1.404105714000000035e+03
1.404139224000000013e+03
1.404172733999999991e+03
1.404206245000000081e+03
1.404239755000000059e+03
1.404273265999999921e+03
1.404306775999999900e+03
1.404340286000000106e+03
1.404373796999999968e+03
1.404440818000000036e+03
1.404474328000000014e+03
1.404507837999999992e+03
1.404541349000000082e+03
1.404574859000000060e+03
1.404608369999999923e+03
1.404641879999999901e+03
1.404708900999999969e+03
1.404742410999999947e+03
1.404775922000000037e+03
1.404809432000000015e+03
1.404842941999999994e+03
1.404876453000000083e+03
1.404909963000000062e+03
1.404943473999999924e+03
1.404976983999999902e+03
1.405010494000000108e+03
1.405044004999999970e+03
1.405077514999999948e+03
1.405111026000000038e+03
1.405144536000000016e+03
1.405178045999999995e+03
1.405211557000000084e+03
1.405245067000000063e+03
1.405278577999999925e+03
1.405312087999999903e+03
1.405345598000000109e+03
1.405379108999999971e+03
1.405412618999999950e+03
1.405446130000000039e+03
1.405479640000000018e+03
1.405513149999999996e+03
1.405546661000000086e+03
1.405580171000000064e+03
1.405613681999999926e+03
1.405647191999999905e+03
1.405680702000000110e+03
1.405714212999999972e+03
1.405747722999999951e+03
1.405814744000000019e+03
1.405848253999999997e+03
1.405881765000000087e+03
1.405915275000000065e+03
1.405948785999999927e+03
1.405982295999999906e+03
1.406015806000000111e+03
1.406049316999999974e+03
1.406116338000000042e+03
1.406149848000000020e+03
1.406183357999999998e+03
1.406216869000000088e+03
1.406250379000000066e+03
1.406283889999999928e+03
1.406317399999999907e+03
1.406350910000000113e+03
1.406384420999999975e+03
1.406417930999999953e+03
1.406451442000000043e+03
1.406484952000000021e+03
1.406518462000000000e+03
1.406551973000000089e+03
1.406585483000000067e+03
1.406618993999999930e+03
1.406652503999999908e+03
1.406686013999999886e+03
1.406719524999999976e+03
1.406753034999999954e+03
1.406786546000000044e+03
1.406820056000000022e+03
1.406853566000000001e+03
1.406887077000000090e+03
1.406920587000000069e+03
1.406954097999999931e+03
1.406987607999999909e+03
1.407021117999999888e+03
1.407054628999999977e+03
1.407088138999999956e+03
1.407121650000000045e+03
1.407155160000000024e+03
1.407188670000000002e+03
1.407222181000000091e+03
1.407255691000000070e+03
1.407289201999999932e+03
1.407322711999999910e+03
1.407356221999999889e+03
1.407389732999999978e+03
1.407423242999999957e+03
1.407456754000000046e+03
1.407490264000000025e+03
1.407523774000000003e+03
1.407557285000000093e+03
1.407590795000000071e+03
1.407624305999999933e+03
1.407657815999999912e+03
1.407691325999999890e+03
1.407724836999999980e+03
1.407758346999999958e+03
1.407791858000000047e+03
1.407825368000000026e+03
1.407858878000000004e+03
1.407892389000000094e+03
1.407925899000000072e+03
1.407959409999999934e+03
1.407992919999999913e+03
1.408026429999999891e+03
1.408059940999999981e+03
1.408093450999999959e+03
1.408126962000000049e+03
1.408160472000000027e+03
1.408193982000000005e+03
1.408227493000000095e+03
1.408261003000000073e+03
1.408294513999999936e+03
1.408328023999999914e+03
1.408361533999999892e+03
1.408395044999999982e+03
1.408428554999999960e+03
1.408462066000000050e+03
1.408495576000000028e+03
1.408529086000000007e+03
1.408562597000000096e+03
1.408596107000000075e+03
1.408629617999999937e+03
1.408663127999999915e+03
1.408696637999999894e+03
1.408730148999999983e+03
1.408763658999999961e+03
1.408797170000000051e+03
1.408830680000000029e+03
1.408864190000000008e+03
1.408897701000000097e+03
1.408931211000000076e+03
1.408964721999999938e+03
1.408998231999999916e+03
1.409031741999999895e+03
1.409065252999999984e+03
1.409098762999999963e+03
1.409132274000000052e+03
1.409165784000000031e+03
1.409199294000000009e+03
1.409232805000000099e+03
1.409266315000000077e+03
1.409299825999999939e+03
1.409333335999999917e+03
1.409366845999999896e+03
1.409400356999999985e+03
1.409433866999999964e+03
1.409467378000000053e+03
1.409500888000000032e+03
1.409534398000000010e+03
1.409567909000000100e+03
1.409601419000000078e+03
1.409634929999999940e+03
1.409668439999999919e+03
1.409701949999999897e+03
1.409735460999999987e+03
1.409768970999999965e+03
1.409802482000000055e+03
1.409835992000000033e+03
1.409869502000000011e+03
1.409903013000000101e+03
1.409936523000000079e+03
1.409970033999999941e+03
1.410003543999999920e+03
1.410037053999999898e+03
1.410070564999999988e+03
1.410104074999999966e+03
1.410137586000000056e+03
1.410171096000000034e+03
1.410204606000000013e+03
1.410238117000000102e+03
1.410271627000000080e+03
1.410305137999999943e+03
1.410338647999999921e+03
1.410372157999999899e+03
1.410405668999999989e+03
1.410439178999999967e+03
1.410472690000000057e+03
1.410506200000000035e+03
1.410539710000000014e+03
1.410573221000000103e+03
1.410606731000000082e+03
1.410640241999999944e+03
1.410673751999999922e+03
1.410707261999999901e+03
1.410740772999999990e+03
1.410774282999999969e+03
1.410807794000000058e+03
1.410841304000000036e+03
1.410874814000000015e+03
1.410908325000000104e+03
1.410941835000000083e+03
1.410975345999999945e+03
1.411008855999999923e+03
1.411042365999999902e+03
1.411075876999999991e+03
1.411109386999999970e+03
1.411142898000000059e+03
1.411176408000000038e+03
1.411209918000000016e+03
1.411243429000000106e+03
1.411276939000000084e+03
1.411310449999999946e+03
1.411343959999999925e+03
1.411377469999999903e+03
1.411410980999999992e+03
1.411444490999999971e+03
1.411478002000000060e+03
1.411511512000000039e+03
1.411545022000000017e+03
1.411578533000000107e+03
1.411612043000000085e+03
1.411645553999999947e+03
1.411679063999999926e+03
1.411746084999999994e+03
1.411779594999999972e+03
1.411813106000000062e+03
1.411880126000000018e+03
1.411947147000000086e+03
1.411980657999999949e+03
1.412014167999999927e+03
1.412047677999999905e+03
1.412081188999999995e+03
1.412114698999999973e+03
1.412148210000000063e+03
1.412215230000000020e+03
1.412248741000000109e+03
1.412282251000000088e+03
1.412315761999999950e+03
1.412349271999999928e+03
1.412382781999999906e+03
1.412416292999999996e+03
1.412449802999999974e+03
1.412483314000000064e+03
1.412550334000000021e+03
1.412617355000000089e+03
1.412650865999999951e+03
1.412717885999999908e+03
1.412751396999999997e+03
1.412784906999999976e+03
1.412818418000000065e+03
1.412851928000000044e+03
1.412918949000000111e+03
1.412952459000000090e+03
1.412985969999999952e+03
1.413019479999999930e+03
1.413052989999999909e+03
1.413086500999999998e+03
1.413120010999999977e+03
1.413153522000000066e+03
1.413187032000000045e+03
1.413220542000000023e+03
1.413254053000000113e+03
1.413287563000000091e+03
1.413321073999999953e+03
1.413354583999999932e+03
1.413388093999999910e+03
1.413421605000000000e+03
1.413455114999999978e+03
1.413488626000000068e+03
1.413522136000000046e+03
1.413555646000000024e+03
1.413589156999999886e+03
1.413622667000000092e+03
1.413656177999999954e+03
1.413689687999999933e+03
1.413723197999999911e+03
1.413756709000000001e+03
1.413790218999999979e+03
1.413823730000000069e+03
1.413857240000000047e+03
1.413890750000000025e+03
1.413924260999999888e+03
1.413957771000000093e+03
1.413991281999999956e+03
1.414024791999999934e+03
1.414058301999999912e+03
1.414091813000000002e+03
1.414125322999999980e+03
1.414158834000000070e+03
1.414192344000000048e+03
1.414225854000000027e+03
1.414259364999999889e+03
1.414292875000000095e+03
1.414326385999999957e+03
1.414359895999999935e+03
1.414393405999999914e+03
1.414426917000000003e+03
1.414460426999999981e+03
1.414493938000000071e+03
1.414527448000000049e+03
1.414560958000000028e+03
1.414594468999999890e+03
1.414627979000000096e+03
1.414661489999999958e+03
1.414694999999999936e+03
1.414728509999999915e+03
1.414762021000000004e+03
1.414795530999999983e+03
1.414829042000000072e+03
1.414862552000000051e+03
1.414896062000000029e+03
1.414929572999999891e+03
1.414963083000000097e+03
1.414996593999999959e+03
1.415030103999999938e+03
1.415063613999999916e+03
1.415097125000000005e+03
1.415130634999999984e+03
1.415164146000000073e+03
1.415197656000000052e+03
1.415231166000000030e+03
1.415264676999999892e+03
1.415298187000000098e+03
1.415331697999999960e+03
1.415365207999999939e+03
1.415398717999999917e+03
1.415432229000000007e+03
1.415465738999999985e+03
1.415499250000000075e+03
1.415566270000000031e+03
1.415599780999999894e+03
1.415633291000000099e+03
1.415700311999999940e+03
1.415733821999999918e+03
1.415800842999999986e+03
1.415867864000000054e+03
1.415901374000000033e+03
1.415934884999999895e+03
1.415968395000000100e+03
1.416001905999999963e+03
1.416035415999999941e+03
1.416068925999999919e+03
1.416102437000000009e+03
1.416135946999999987e+03
1.416202968000000055e+03
1.416236478000000034e+03
1.416269988999999896e+03
1.416303499000000102e+03
1.416337009999999964e+03
1.416370519999999942e+03
1.416404029999999921e+03
1.416437541000000010e+03
1.416471050999999989e+03
1.416504562000000078e+03
1.416538072000000057e+03
1.416571582000000035e+03
1.416605092999999897e+03
1.416672113999999965e+03
1.416705623999999943e+03
1.416739133999999922e+03
1.416806154999999990e+03
1.416839666000000079e+03
1.416873176000000058e+03
1.416906686000000036e+03
1.416940196999999898e+03
1.416973707000000104e+03
1.417007217999999966e+03
1.417040727999999945e+03
1.417074237999999923e+03
1.417107749000000013e+03
1.417141258999999991e+03
1.417208280000000059e+03
1.417241790000000037e+03
1.417308811000000105e+03
1.417342321999999967e+03
1.417375831999999946e+03
1.417409341999999924e+03
1.417442853000000014e+03
1.417476362999999992e+03
1.417509874000000082e+03
1.417543384000000060e+03
1.417576894000000038e+03
1.417610404999999901e+03
1.417643915000000106e+03
1.417677425999999969e+03
1.417710935999999947e+03
1.417744445999999925e+03
1.417777957000000015e+03
1.417844978000000083e+03
1.417878488000000061e+03
1.417911998000000040e+03
1.417945508999999902e+03
1.417979019000000108e+03
1.418012529999999970e+03
1.418046039999999948e+03
1.418079549999999927e+03
1.418113061000000016e+03
1.418146570999999994e+03
1.418180082000000084e+03
1.418213592000000062e+03
1.418247102000000041e+03
1.418280612999999903e+03
1.418314123000000109e+03
1.418347633999999971e+03
1.418381143999999949e+03
1.418414653999999928e+03
1.418448165000000017e+03
1.418481674999999996e+03
1.418515186000000085e+03
1.418548696000000064e+03
1.418582206000000042e+03
1.418615716999999904e+03
1.418649227000000110e+03
1.418682737999999972e+03
1.418716247999999950e+03
1.418749757999999929e+03
1.418783269000000018e+03
1.418816778999999997e+03
1.418850290000000086e+03
1.418883800000000065e+03
1.418917310000000043e+03
1.418950820999999905e+03
1.418984331000000111e+03
1.419017841999999973e+03
1.419051351999999952e+03
1.419084861999999930e+03
1.419118373000000020e+03
1.419151882999999998e+03
1.419185394000000088e+03
1.419218904000000066e+03
1.419252414000000044e+03
1.419285924999999907e+03
1.419319435000000112e+03
1.419352945999999974e+03
1.419386455999999953e+03
1.419419965999999931e+03
1.419453477000000021e+03
1.419486986999999999e+03
1.419520498000000089e+03
1.419554008000000067e+03
1.419587518000000046e+03
1.419621028999999908e+03
1.419654539000000113e+03
1.419688049999999976e+03
1.419721559999999954e+03
1.419755069999999932e+03
1.419788581000000022e+03
1.419822091000000000e+03
1.419855602000000090e+03
1.419889112000000068e+03
1.419922622000000047e+03
1.419956132999999909e+03
1.420023153999999977e+03
1.420056663999999955e+03
1.420090173999999934e+03
1.420123685000000023e+03
1.420157195000000002e+03
1.420190706000000091e+03
1.420224216000000069e+03
1.420257726000000048e+03
1.420291236999999910e+03
1.420324746999999888e+03
1.420358257999999978e+03
1.420391767999999956e+03
1.420425277999999935e+03
1.420458789000000024e+03
1.420492299000000003e+03
1.420525810000000092e+03
1.420559320000000071e+03
1.420592830000000049e+03
1.420626340999999911e+03
1.420659850999999890e+03
1.420693361999999979e+03
1.420726871999999958e+03
1.420760381999999936e+03
1.420793893000000025e+03
1.420827403000000004e+03
1.420894424000000072e+03
1.420927934000000050e+03
1.420961444999999912e+03
1.420994954999999891e+03
1.421028465999999980e+03
1.421061975999999959e+03
1.421095485999999937e+03
1.421162507000000005e+03
1.421196018000000095e+03
1.421229528000000073e+03
1.421263038000000051e+03
1.421296548999999914e+03
1.421363569999999982e+03
1.421430589999999938e+03
1.421464101000000028e+03
1.421497611000000006e+03
1.421531122000000096e+03
1.421564632000000074e+03
1.421598142000000053e+03
1.421665162999999893e+03
1.421698673999999983e+03
1.421765693999999939e+03
1.421799205000000029e+03
1.421866226000000097e+03
1.421899736000000075e+03
1.421933246000000054e+03
1.421966756999999916e+03
1.422000266999999894e+03
1.422033777999999984e+03
1.422067287999999962e+03
1.422100797999999941e+03
1.422134309000000030e+03
1.422167819000000009e+03
1.422201330000000098e+03
1.422234840000000077e+03
1.422268350000000055e+03
1.422301860999999917e+03
1.422335370999999896e+03
1.422368881999999985e+03
1.422402391999999963e+03
1.422435901999999942e+03
1.422469413000000031e+03
1.422502923000000010e+03
1.422536434000000099e+03
1.422569944000000078e+03
1.422603454000000056e+03
1.422636964999999918e+03
1.422670474999999897e+03
1.422703985999999986e+03
1.422737495999999965e+03
1.422771005999999943e+03
1.422804517000000033e+03
1.422838027000000011e+03
1.422871538000000101e+03
1.422905048000000079e+03
1.422938558000000057e+03
1.422972068999999919e+03
1.423005578999999898e+03
1.423039089999999987e+03
1.423072599999999966e+03
1.423106109999999944e+03
1.423139621000000034e+03
1.423173131000000012e+03
1.423206642000000102e+03
1.423240152000000080e+03
1.423273662000000058e+03
1.423307172999999921e+03
1.423340682999999899e+03
1.423374193999999989e+03
1.423407703999999967e+03
1.423474725000000035e+03
1.423508235000000013e+03
1.423575256000000081e+03
1.423608766000000060e+03
1.423642276999999922e+03
1.423675786999999900e+03
1.423709297999999990e+03
1.423742807999999968e+03
1.423776317999999947e+03
1.423809829000000036e+03
1.423843339000000014e+03
1.423876850000000104e+03
1.423910360000000082e+03
1.423943870000000061e+03
1.423977380999999923e+03
1.424010890999999901e+03
1.424044401999999991e+03
1.424077911999999969e+03
1.424111421999999948e+03
1.424144933000000037e+03
1.424178443000000016e+03
1.424211954000000105e+03
1.424245464000000084e+03
1.424278974000000062e+03
1.424312484999999924e+03
1.424345994999999903e+03
1.424379505999999992e+03
1.424413015999999971e+03
1.424446525999999949e+03
1.424480037000000038e+03
1.424513547000000017e+03
1.424547058000000106e+03
1.424580568000000085e+03
1.424614078000000063e+03
1.424647588999999925e+03
1.424681098999999904e+03
1.424714609999999993e+03
1.424748119999999972e+03
1.424781629999999950e+03
1.424815141000000040e+03
1.424848651000000018e+03
1.424882162000000108e+03
1.424915672000000086e+03
1.424949182000000064e+03
1.424982692999999927e+03
1.425049713999999994e+03
1.425083223999999973e+03
1.425150245000000041e+03
1.425183755000000019e+03
1.425217266000000109e+03
1.425250776000000087e+03
1.425284286000000066e+03
1.425317796999999928e+03
1.425351306999999906e+03
1.425384817999999996e+03
1.425418327999999974e+03
1.425451837999999952e+03
1.425485349000000042e+03
1.425518859000000020e+03
1.425552370000000110e+03
1.425585880000000088e+03
1.425619390000000067e+03
1.425652900999999929e+03
1.425686410999999907e+03
1.425719921999999997e+03
1.425753431999999975e+03
1.425786941999999954e+03
1.425820453000000043e+03
1.425853963000000022e+03
1.425887474000000111e+03
1.425954494000000068e+03
1.425988004999999930e+03
1.426055025999999998e+03
1.426088535999999976e+03
1.426122045999999955e+03
1.426155557000000044e+03
1.426189067000000023e+03
1.426222578000000112e+03
1.426256088000000091e+03
1.426289598000000069e+03
1.426323108999999931e+03
1.426356618999999910e+03
1.426390129999999999e+03
1.426423639999999978e+03
1.426524171000000024e+03
1.426557682000000113e+03
1.426591192000000092e+03
1.426624702000000070e+03
1.426658212999999932e+03
1.426691722999999911e+03
1.426725234000000000e+03
1.426758743999999979e+03
1.426792253999999957e+03
1.426825765000000047e+03
1.426859275000000025e+03
1.426892785999999887e+03
1.426926296000000093e+03
1.426959806000000071e+03
1.426993316999999934e+03
1.427026826999999912e+03
1.427060338000000002e+03
1.427093847999999980e+03
1.427127357999999958e+03
1.427160869000000048e+03
1.427194379000000026e+03
1.427227889999999888e+03
1.427261400000000094e+03
1.427294910000000073e+03
1.427328420999999935e+03
1.427361930999999913e+03
1.427395442000000003e+03
1.427428951999999981e+03
1.427462461999999960e+03
1.427495973000000049e+03
1.427529483000000027e+03
1.427562993999999890e+03
1.427596504000000095e+03
1.427630014000000074e+03
1.427663524999999936e+03
1.427697034999999914e+03
1.427730546000000004e+03
1.427764055999999982e+03
1.427797565999999961e+03
1.427831077000000050e+03
1.427864587000000029e+03
1.427898097999999891e+03
1.427931608000000097e+03
1.427965118000000075e+03
1.427998628999999937e+03
1.428032138999999916e+03
1.428065650000000005e+03
1.428099159999999983e+03
1.428132669999999962e+03
1.428166181000000051e+03
1.428199691000000030e+03
1.428233201999999892e+03
1.428266712000000098e+03
1.428300222000000076e+03
1.428333732999999938e+03
1.428367242999999917e+03
1.428400754000000006e+03
1.428434263999999985e+03
1.428467773999999963e+03
1.428534795000000031e+03
1.428568305999999893e+03
1.428601816000000099e+03
1.428635326000000077e+03
1.428668836999999940e+03
1.428702346999999918e+03
1.428735858000000007e+03
1.428802877999999964e+03
1.428869899000000032e+03
1.428936920000000100e+03
1.428970430000000079e+03
1.429003940999999941e+03
1.429070962000000009e+03
1.429104471999999987e+03
1.429137981999999965e+03
1.429205003000000033e+03
1.429238513999999896e+03
1.429272024000000101e+03
1.429305534000000080e+03
1.429339044999999942e+03
1.429372554999999920e+03
1.429406066000000010e+03
1.429439575999999988e+03
1.429473085999999967e+03
1.429506597000000056e+03
1.429540107000000035e+03
1.429573617999999897e+03
1.429640638000000081e+03
1.429674148999999943e+03
1.429707658999999921e+03
1.429741170000000011e+03
1.429774679999999989e+03
1.429808189999999968e+03
1.429841701000000057e+03
1.429875211000000036e+03
1.429942232000000104e+03
1.429975742000000082e+03
1.430009252999999944e+03
1.430042762999999923e+03
1.430076274000000012e+03
1.430109783999999991e+03
1.430143293999999969e+03
1.430176805000000058e+03
1.430210315000000037e+03
1.430243825999999899e+03
1.430310846000000083e+03
1.430344356999999945e+03
1.430377866999999924e+03
1.430411378000000013e+03
1.430444887999999992e+03
1.430478397999999970e+03
1.430511909000000060e+03
1.430545419000000038e+03
1.430612440000000106e+03
1.430645950000000084e+03
1.430712970999999925e+03
1.430746482000000015e+03
1.430779991999999993e+03
1.430813501999999971e+03
1.430847013000000061e+03
1.430914033999999901e+03
1.430947544000000107e+03
1.430981054000000086e+03
1.431014564999999948e+03
1.431048074999999926e+03
1.431081586000000016e+03
1.431115095999999994e+03
1.431148605999999972e+03
1.431182117000000062e+03
1.431215627000000040e+03
1.431249137999999903e+03
1.431282648000000108e+03
1.431316158000000087e+03
1.431349668999999949e+03
1.431383178999999927e+03
1.431416690000000017e+03
1.431517221000000063e+03
1.431550731000000042e+03
1.431584241999999904e+03
1.431617752000000110e+03
1.431651262000000088e+03
1.431684772999999950e+03
1.431718282999999929e+03
1.431751794000000018e+03
1.431785303999999996e+03
1.431818813999999975e+03
1.431852325000000064e+03
1.431885835000000043e+03
1.431919345999999905e+03
1.431952856000000111e+03
1.431986366000000089e+03
1.432019876999999951e+03
1.432053386999999930e+03
1.432086898000000019e+03
1.432120407999999998e+03
1.432153917999999976e+03
1.432187429000000066e+03
1.432220939000000044e+03
1.432254449999999906e+03
1.432287960000000112e+03
1.432321470000000090e+03
1.432354980999999952e+03
1.432388490999999931e+03
1.432422002000000020e+03
1.432455511999999999e+03
1.432489021999999977e+03
1.432522533000000067e+03
1.432556043000000045e+03
1.432589553999999907e+03
1.432623064000000113e+03
1.432656574000000091e+03
1.432690084999999954e+03
1.432723594999999932e+03
1.432757106000000022e+03
1.432790616000000000e+03
1.432824125999999978e+03
1.432857637000000068e+03
1.432891147000000046e+03
1.432924657999999908e+03
1.432958167999999887e+03
1.432991678000000093e+03
1.433025188999999955e+03
1.433058698999999933e+03
1.433092210000000023e+03
1.433125720000000001e+03
1.433159229999999980e+03
1.433192741000000069e+03
1.433226251000000047e+03
1.433259761999999910e+03
1.433293271999999888e+03
1.433326782000000094e+03
1.433360292999999956e+03
1.433393802999999934e+03
1.433427314000000024e+03
1.433460824000000002e+03
1.433494333999999981e+03
1.433527845000000070e+03
1.433561355000000049e+03
1.433594865999999911e+03
1.433628375999999889e+03
1.433661886000000095e+03
1.433695396999999957e+03
1.433728906999999936e+03
1.433762418000000025e+03
1.433795928000000004e+03
1.433829437999999982e+03
1.433862949000000071e+03
1.433896459000000050e+03
1.433929969999999912e+03
1.433963479999999890e+03
1.433996990000000096e+03
1.434030500999999958e+03
1.434064010999999937e+03
1.434097522000000026e+03
1.434131032000000005e+03
1.434164541999999983e+03
1.434198053000000073e+03
1.434231563000000051e+03
1.434265073999999913e+03
1.434298583999999892e+03
1.434332094000000097e+03
1.434365604999999960e+03
1.434399114999999938e+03
1.434432626000000027e+03
1.434466136000000006e+03
1.434499645999999984e+03
1.434533157000000074e+03
1.434566667000000052e+03
1.434600177999999914e+03
1.434633687999999893e+03
1.434667198000000099e+03
1.434700708999999961e+03
1.434734218999999939e+03
1.434767730000000029e+03
1.434801240000000007e+03
1.434834749999999985e+03
1.434868261000000075e+03
1.434901771000000053e+03
1.434935281999999916e+03
1.434968791999999894e+03
1.435002302000000100e+03
1.435035812999999962e+03
1.435069322999999940e+03
1.435102834000000030e+03
1.435136344000000008e+03
1.435169853999999987e+03
1.435203365000000076e+03
1.435236875000000055e+03
1.435270385999999917e+03
1.435303895999999895e+03
1.435337406000000101e+03
1.435370916999999963e+03
1.435404426999999941e+03
1.435437938000000031e+03
1.435471448000000009e+03
1.435504957999999988e+03
1.435538469000000077e+03
1.435571979000000056e+03
1.435605489999999918e+03
1.435638999999999896e+03
1.435672510000000102e+03
1.435706020999999964e+03
1.435739530999999943e+03
1.435773042000000032e+03
1.435806552000000011e+03
1.435840061999999989e+03
1.435873573000000079e+03
1.435907083000000057e+03
1.435940593999999919e+03
1.435974103999999897e+03
1.436007614000000103e+03
1.436041124999999965e+03
1.436074634999999944e+03
1.436108146000000033e+03
1.436141656000000012e+03
1.436175165999999990e+03
1.436208677000000080e+03
1.436242187000000058e+03
1.436275697999999920e+03
1.436309207999999899e+03
1.436342718000000104e+03
1.436376228999999967e+03
1.436409738999999945e+03
1.436443250000000035e+03
1.436476760000000013e+03
1.436510269999999991e+03
1.436543781000000081e+03
1.436577291000000059e+03
1.436610801999999921e+03
1.436644311999999900e+03
1.436677822000000106e+03
1.436711332999999968e+03
1.436744842999999946e+03
1.436778354000000036e+03
1.436811864000000014e+03
1.436845373999999993e+03
1.436878885000000082e+03
1.436912395000000060e+03
1.436945905999999923e+03
1.436979415999999901e+03
1.437012926000000107e+03
1.437046436999999969e+03
1.437079946999999947e+03
1.437113458000000037e+03
1.437146968000000015e+03
1.437180477999999994e+03
1.437213989000000083e+03
1.437247499000000062e+03
1.437281009999999924e+03
1.437314519999999902e+03
1.437348030000000108e+03
1.437381540999999970e+03
1.437415050999999949e+03
1.437482072000000016e+03
1.437515581999999995e+03
1.437549093000000084e+03
1.437582603000000063e+03
1.437616113999999925e+03
1.437649623999999903e+03
1.437683134000000109e+03
1.437716644999999971e+03
1.437750154999999950e+03
1.437783666000000039e+03
1.437817176000000018e+03
1.437850685999999996e+03
1.437884197000000086e+03
1.437917707000000064e+03
1.437951217999999926e+03
1.437984727999999905e+03
1.438018238000000110e+03
1.438051748999999973e+03
1.438085258999999951e+03
1.438118770000000040e+03
1.438152280000000019e+03
1.438219301000000087e+03
1.438286321999999927e+03
1.438319831999999906e+03
1.438386852999999974e+03
1.438420362999999952e+03
1.438453874000000042e+03
1.438487384000000020e+03
1.438520893999999998e+03
1.438554405000000088e+03
1.438587915000000066e+03
1.438621425999999929e+03
1.438654935999999907e+03
1.438688446000000113e+03
1.438721956999999975e+03
1.438755466999999953e+03
1.438788978000000043e+03
1.438822488000000021e+03
1.438855998000000000e+03
1.438889509000000089e+03
1.438923019000000068e+03
1.438956529999999930e+03
1.438990039999999908e+03
1.439023549999999886e+03
1.439057060999999976e+03
1.439090570999999954e+03
1.439124082000000044e+03
1.439157592000000022e+03
1.439191102000000001e+03
1.439224613000000090e+03
1.439291633999999931e+03
1.439325143999999909e+03
1.439358653999999888e+03
1.439425674999999956e+03
1.439492696000000024e+03
1.439526206000000002e+03
1.439593227000000070e+03
1.439626737999999932e+03
1.439660247999999910e+03
1.439693757999999889e+03
1.439727268999999978e+03
1.439760778999999957e+03
1.439794290000000046e+03
1.439827800000000025e+03
1.439861310000000003e+03
1.439894821000000093e+03
1.439928331000000071e+03
1.439961841999999933e+03
1.439995351999999912e+03
1.440028861999999890e+03
1.440062372999999980e+03
1.440095882999999958e+03
1.440129394000000048e+03
1.440162904000000026e+03
1.440196414000000004e+03
1.440229925000000094e+03
1.440263435000000072e+03
1.440296945999999934e+03
1.440330455999999913e+03
1.440363965999999891e+03
1.440397476999999981e+03
1.440430986999999959e+03
1.440464498000000049e+03
1.440498008000000027e+03
1.440531518000000005e+03
1.440565029000000095e+03
1.440598539000000073e+03
1.440632049999999936e+03
1.440665559999999914e+03
1.440699069999999892e+03
1.440732580999999982e+03
1.440766090999999960e+03
1.440799602000000050e+03
1.440833112000000028e+03
1.440866622000000007e+03
1.440900133000000096e+03
1.440933643000000075e+03
1.440967153999999937e+03
1.441000663999999915e+03
1.441034173999999894e+03
1.441067684999999983e+03
1.441101194999999962e+03
1.441134706000000051e+03
1.441168216000000029e+03
1.441201726000000008e+03
1.441235237000000097e+03
1.441268747000000076e+03
1.441302257999999938e+03
1.441335767999999916e+03
1.441369277999999895e+03
1.441402788999999984e+03
1.441436298999999963e+03
1.441469810000000052e+03
1.441503320000000031e+03
1.441536830000000009e+03
1.441570341000000099e+03
1.441603851000000077e+03
1.441670871999999918e+03
1.441704381999999896e+03
1.441737892999999985e+03
1.441771402999999964e+03
1.441804914000000053e+03
1.441838424000000032e+03
1.441871934000000010e+03
1.441905445000000100e+03
1.441938955000000078e+03
1.441972465999999940e+03
1.442005975999999919e+03
1.442039485999999897e+03
1.442106506999999965e+03
1.442140018000000055e+03
1.442173528000000033e+03
1.442207038000000011e+03
1.442240549000000101e+03
1.442274059000000079e+03
1.442307569999999942e+03
1.442341079999999920e+03
1.442374589999999898e+03
1.442408100999999988e+03
1.442441610999999966e+03
1.442475122000000056e+03
1.442508632000000034e+03
1.442575653000000102e+03
1.442609163000000081e+03
1.442642673999999943e+03
1.442676183999999921e+03
1.442709693999999899e+03
1.442743204999999989e+03
1.442776714999999967e+03
1.442810226000000057e+03
1.442843736000000035e+03
1.442877246000000014e+03
1.442910757000000103e+03
1.442944267000000082e+03
1.442977777999999944e+03
1.443011287999999922e+03
1.443044797999999901e+03
1.443078308999999990e+03
1.443111818999999969e+03
1.443145330000000058e+03
1.443178840000000037e+03
1.443212350000000015e+03
1.443245861000000104e+03
1.443279371000000083e+03
1.443312881999999945e+03
1.443346391999999923e+03
1.443379901999999902e+03
1.443413412999999991e+03
1.443446922999999970e+03
1.443480434000000059e+03
1.443513944000000038e+03
1.443547454000000016e+03
1.443580965000000106e+03
1.443614475000000084e+03
1.443647985999999946e+03
1.443681495999999925e+03
1.443715005999999903e+03
1.443748516999999993e+03
1.443782026999999971e+03
1.443815538000000060e+03
1.443849048000000039e+03
1.443882558000000017e+03
1.443916069000000107e+03
1.443949579000000085e+03
1.444050109999999904e+03
1.444083620999999994e+03
1.444117130999999972e+03
1.444150642000000062e+03
1.444184152000000040e+03
1.444217662000000018e+03
1.444251173000000108e+03
1.444284683000000086e+03
1.444318193999999949e+03
1.444351703999999927e+03
1.444385213999999905e+03
1.444418724999999995e+03
1.444452234999999973e+03
1.444485746000000063e+03
1.444519256000000041e+03
1.444552766000000020e+03
1.444586277000000109e+03
1.444619787000000088e+03
1.444653297999999950e+03
1.444686807999999928e+03
1.444720317999999907e+03
1.444753828999999996e+03
1.444787338999999974e+03
1.444820850000000064e+03
1.444854360000000042e+03
1.444887870000000021e+03
1.444921381000000110e+03
1.444954891000000089e+03
1.444988401999999951e+03
1.445021911999999929e+03
1.445055421999999908e+03
1.445088932999999997e+03
1.445122442999999976e+03
1.445155954000000065e+03
1.445189464000000044e+03
1.445222974000000022e+03
1.445256485000000112e+03
1.445289995000000090e+03
1.445323505999999952e+03
1.445357015999999931e+03
1.445390525999999909e+03
1.445424036999999998e+03
1.445457546999999977e+03
1.445491058000000066e+03
1.445524568000000045e+03
1.445558078000000023e+03
1.445591589000000113e+03
1.445625099000000091e+03
1.445658609999999953e+03
1.445725629999999910e+03
1.445759141000000000e+03
1.445792650999999978e+03
1.445826162000000068e+03
1.445859672000000046e+03
1.445893182000000024e+03
1.445926692999999887e+03
1.445960203000000092e+03
1.445993713999999954e+03
1.446027223999999933e+03
1.446060733999999911e+03
1.446094245000000001e+03
1.446127754999999979e+03
1.446161266000000069e+03
1.446194776000000047e+03
1.446228286000000026e+03
1.446261796999999888e+03
1.446295307000000093e+03
1.446328817999999956e+03
1.446362327999999934e+03
1.446395837999999912e+03
1.446429349000000002e+03
1.446462858999999980e+03
1.446496370000000070e+03
1.446563390000000027e+03
1.446596900999999889e+03
1.446630411000000095e+03
1.446663921999999957e+03
1.446697431999999935e+03
1.446730941999999914e+03
1.446764453000000003e+03
1.446797962999999982e+03
1.446831474000000071e+03
1.446864984000000049e+03
1.446898494000000028e+03
1.446932004999999890e+03
1.446965515000000096e+03
1.446999025999999958e+03
1.447032535999999936e+03
1.447066045999999915e+03
1.447099557000000004e+03
1.447133066999999983e+03
1.447166578000000072e+03
1.447200088000000051e+03
1.447233598000000029e+03
1.447267108999999891e+03
1.447300619000000097e+03
1.447334129999999959e+03
1.447367639999999938e+03
1.447401149999999916e+03
1.447434661000000006e+03
1.447468170999999984e+03
1.447501682000000073e+03
1.447535192000000052e+03
1.447568702000000030e+03
1.447602212999999892e+03
1.447635723000000098e+03
1.447669233999999960e+03
1.447702743999999939e+03
1.447736253999999917e+03
1.447803274999999985e+03
1.447836786000000075e+03
1.447870296000000053e+03
1.447903806000000031e+03
1.447937316999999894e+03
1.447970827000000099e+03
1.448004337999999962e+03
1.448037847999999940e+03
1.448071357999999918e+03
1.448104869000000008e+03
1.448138378999999986e+03
1.448171890000000076e+03
1.448205400000000054e+03
1.448238910000000033e+03
1.448272420999999895e+03
1.448305931000000101e+03
1.448339441999999963e+03
1.448372951999999941e+03
1.448439973000000009e+03
1.448506994000000077e+03
1.448540504000000055e+03
1.448574014000000034e+03
1.448607524999999896e+03
1.448641035000000102e+03
1.448674545999999964e+03
1.448708055999999942e+03
1.448741565999999921e+03
1.448775077000000010e+03
1.448808586999999989e+03
1.448842098000000078e+03
1.448875608000000057e+03
1.448909118000000035e+03
1.448942628999999897e+03
1.448976139000000103e+03
1.449009649999999965e+03
1.449043159999999943e+03
1.449076669999999922e+03
1.449110181000000011e+03
1.449143690999999990e+03
1.449177202000000079e+03
1.449210712000000058e+03
1.449244222000000036e+03
1.449277732999999898e+03
1.449311243000000104e+03
1.449344753999999966e+03
1.449378263999999945e+03
1.449411773999999923e+03
1.449445285000000013e+03
1.449478794999999991e+03
1.449512306000000081e+03
1.449545816000000059e+03
1.449579326000000037e+03
1.449612836999999899e+03
1.449646347000000105e+03
1.449679857999999967e+03
1.449713367999999946e+03
1.449746877999999924e+03
1.449780389000000014e+03
1.449813898999999992e+03
1.449847410000000082e+03
1.449880920000000060e+03
1.449914430000000038e+03
1.449947940999999901e+03
1.449981451000000106e+03
1.450014961999999969e+03
1.450048471999999947e+03
1.450081981999999925e+03
1.450115493000000015e+03
1.450149002999999993e+03
1.450182514000000083e+03
1.450216024000000061e+03
1.450249534000000040e+03
1.450283044999999902e+03
1.450316555000000108e+03
1.450350065999999970e+03
1.450383575999999948e+03
1.450417085999999927e+03
1.450450597000000016e+03
1.450484106999999995e+03
1.450517618000000084e+03
1.450551128000000062e+03
1.450584638000000041e+03
1.450651659000000109e+03
1.450685169999999971e+03
1.450718679999999949e+03
1.450752189999999928e+03
1.450785701000000017e+03
1.450819210999999996e+03
1.450852722000000085e+03
1.450886232000000064e+03
1.450919742000000042e+03
1.450953252999999904e+03
1.450986763000000110e+03
1.451020273999999972e+03
1.451053783999999951e+03
1.451087293999999929e+03
1.451120805000000018e+03
1.451154314999999997e+03
1.451187826000000086e+03
1.451221336000000065e+03
1.451254846000000043e+03
1.451288356999999905e+03
1.451321867000000111e+03
1.451355377999999973e+03
1.451388887999999952e+03
1.451422397999999930e+03
1.451455909000000020e+03
1.451489418999999998e+03
1.451522930000000088e+03
1.451556440000000066e+03
1.451589950000000044e+03
1.451623460999999907e+03
1.451656971000000112e+03
1.451690481999999975e+03
1.451723991999999953e+03
1.451757501999999931e+03
1.451791013000000021e+03
1.451824522999999999e+03
1.451858034000000089e+03
1.451891544000000067e+03
1.451925054000000046e+03
1.451958564999999908e+03
1.451992075000000114e+03
1.452025585999999976e+03
1.452059095999999954e+03
1.452092605999999932e+03
1.452126117000000022e+03
1.452159627000000000e+03
1.452193138000000090e+03
1.452226648000000068e+03
1.452260158000000047e+03
1.452293668999999909e+03
1.452327178999999887e+03
1.452360689999999977e+03
1.452394199999999955e+03
1.452427709999999934e+03
1.452461221000000023e+03
1.452494731000000002e+03
1.452528242000000091e+03
1.452561752000000070e+03
1.452595262000000048e+03
1.452628772999999910e+03
1.452662282999999888e+03
1.452695793999999978e+03
1.452729303999999956e+03
1.452762813999999935e+03
1.452796325000000024e+03
1.452829835000000003e+03
1.452863346000000092e+03
1.452896856000000071e+03
1.452930366000000049e+03
1.452963876999999911e+03
1.452997386999999890e+03
1.453030897999999979e+03
1.453064407999999958e+03
1.453097917999999936e+03
1.453131429000000026e+03
1.453164939000000004e+03
1.453198450000000093e+03
1.453231960000000072e+03
1.453265470000000050e+03
1.453298980999999912e+03
1.453332490999999891e+03
1.453366001999999980e+03
1.453399511999999959e+03
1.453433021999999937e+03
1.453466533000000027e+03
1.453500043000000005e+03
1.453533554000000095e+03
1.453567064000000073e+03
1.453600574000000051e+03
1.453634084999999914e+03
1.453667594999999892e+03
1.453701105999999982e+03
1.453734615999999960e+03
1.453768125999999938e+03
1.453801637000000028e+03
1.453835147000000006e+03
1.453868658000000096e+03
1.453902168000000074e+03
1.453935678000000053e+03
1.453969188999999915e+03
1.454002698999999893e+03
1.454036209999999983e+03
1.454069719999999961e+03
1.454103229999999940e+03
1.454136741000000029e+03
1.454170251000000007e+03
1.454203762000000097e+03
1.454237272000000075e+03
1.454270782000000054e+03
1.454304292999999916e+03
1.454337802999999894e+03
1.454371313999999984e+03
1.454404823999999962e+03
1.454438333999999941e+03
1.454471845000000030e+03
1.454505355000000009e+03
1.454538866000000098e+03
1.454572376000000077e+03
1.454605886000000055e+03
1.454639396999999917e+03
1.454672906999999896e+03
1.454706417999999985e+03
1.454739927999999964e+03
1.454773437999999942e+03
1.454806949000000031e+03
1.454873970000000099e+03
1.454907480000000078e+03
1.454940990000000056e+03
1.454974500999999918e+03
1.455008010999999897e+03
1.455041521999999986e+03
1.455075031999999965e+03
1.455108541999999943e+03
1.455142053000000033e+03
1.455175563000000011e+03
1.455209074000000101e+03
1.455242584000000079e+03
1.455276094000000057e+03
1.455309604999999920e+03
1.455343114999999898e+03
1.455376625999999987e+03
1.455410135999999966e+03
1.455443645999999944e+03
1.455477157000000034e+03
1.455510667000000012e+03
1.455544178000000102e+03
1.455577688000000080e+03
1.455611198000000059e+03
1.455644708999999921e+03
1.455678218999999899e+03
1.455711729999999989e+03
1.455745239999999967e+03
1.455778749999999945e+03
1.455812261000000035e+03
1.455845771000000013e+03
1.455912792000000081e+03
1.455946302000000060e+03
1.455979812999999922e+03
1.456013322999999900e+03
1.456080343999999968e+03
1.456113853999999947e+03
1.456147365000000036e+03
1.456180875000000015e+03
1.456214386000000104e+03
1.456247896000000082e+03
1.456281406000000061e+03
1.456314916999999923e+03
1.456348426999999901e+03
1.456381937999999991e+03
1.456415447999999969e+03
1.456448957999999948e+03
1.456482469000000037e+03
1.456515979000000016e+03
1.456549490000000105e+03
1.456583000000000084e+03
1.456616510000000062e+03
1.456650020999999924e+03
1.456683530999999903e+03
1.456717041999999992e+03
1.456750551999999971e+03
1.456784061999999949e+03
1.456817573000000039e+03
1.456851083000000017e+03
1.456884594000000106e+03
1.456918104000000085e+03
1.456951614000000063e+03
1.456985124999999925e+03
1.457018634999999904e+03
1.457052145999999993e+03
1.457085655999999972e+03
1.457119165999999950e+03
1.457152677000000040e+03
1.457186187000000018e+03
1.457219698000000108e+03
1.457253208000000086e+03
1.457286718000000064e+03
1.457353738999999905e+03
1.457387249999999995e+03
1.457420759999999973e+03
1.457454269999999951e+03
1.457487781000000041e+03
1.457521291000000019e+03
1.457554802000000109e+03
1.457588312000000087e+03
1.457621822000000066e+03
1.457655332999999928e+03
1.457688842999999906e+03
1.457722353999999996e+03
1.457755863999999974e+03
1.457789373999999953e+03
1.457822885000000042e+03
1.457856395000000020e+03
1.457889906000000110e+03
1.457923416000000088e+03
1.457956926000000067e+03
1.457990436999999929e+03
1.458023946999999907e+03
1.458090967999999975e+03
1.458124477999999954e+03
1.458157989000000043e+03
1.458191499000000022e+03
1.458225010000000111e+03
1.458258520000000090e+03
1.458292030000000068e+03
1.458325540999999930e+03
1.458359050999999909e+03
1.458392561999999998e+03
1.458426071999999976e+03
1.458459581999999955e+03
1.458493093000000044e+03
1.458526603000000023e+03
1.458560114000000112e+03
1.458593624000000091e+03
1.458627134000000069e+03
1.458660644999999931e+03
1.458694154999999910e+03
1.458727665999999999e+03
1.458761175999999978e+03
1.458794685999999956e+03
1.458828197000000046e+03
1.458861707000000024e+03
1.458895218000000114e+03
1.458928728000000092e+03
1.458962238000000070e+03
1.458995748999999932e+03
1.459029258999999911e+03
1.459062770000000000e+03
1.459096279999999979e+03
1.459129789999999957e+03
1.459163301000000047e+03
1.459196811000000025e+03
1.459230321999999887e+03
1.459263832000000093e+03
1.459297342000000071e+03
1.459330852999999934e+03
1.459364362999999912e+03
1.459397874000000002e+03
1.459431383999999980e+03
1.459464893999999958e+03
1.459498405000000048e+03
1.459531915000000026e+03
1.459565425999999889e+03
1.459598936000000094e+03
1.459632446000000073e+03
1.459665956999999935e+03
1.459699466999999913e+03
1.459732978000000003e+03
1.459766487999999981e+03
1.459799997999999960e+03
1.459833509000000049e+03
1.459867019000000028e+03
1.459900529999999890e+03
1.459934040000000095e+03
1.459967550000000074e+03
1.460001060999999936e+03
1.460034570999999914e+03
1.460068082000000004e+03
1.460101591999999982e+03
1.460135101999999961e+03
1.460168613000000050e+03
1.460202123000000029e+03
1.460235633999999891e+03
1.460269144000000097e+03
1.460302654000000075e+03
1.460336164999999937e+03
1.460369674999999916e+03
1.460403186000000005e+03
1.460436695999999984e+03
1.460470205999999962e+03
1.460503717000000051e+03
1.460537227000000030e+03
1.460570737999999892e+03
1.460604248000000098e+03
1.460637758000000076e+03
1.460671268999999938e+03
1.460704778999999917e+03
1.460738290000000006e+03
1.460771799999999985e+03
1.460805309999999963e+03
1.460838821000000053e+03
1.460872331000000031e+03
1.460905841999999893e+03
1.460939352000000099e+03
1.460972862000000077e+03
1.461006372999999940e+03
1.461039882999999918e+03
1.461106903999999986e+03
1.461140413999999964e+03
1.461173925000000054e+03
1.461207435000000032e+03
1.461240945999999894e+03
1.461274456000000100e+03
1.461307966000000079e+03
1.461341476999999941e+03
1.461374986999999919e+03
1.461408498000000009e+03
1.461442007999999987e+03
1.461475517999999965e+03
1.461509029000000055e+03
1.461542539000000033e+03
1.461576049999999896e+03
1.461609560000000101e+03
1.461643070000000080e+03
1.461676580999999942e+03
1.461710090999999920e+03
1.461743602000000010e+03
1.461777111999999988e+03
1.461810621999999967e+03
1.461844133000000056e+03
1.461877643000000035e+03
1.461911153999999897e+03
1.461944664000000103e+03
1.461978174000000081e+03
1.462011684999999943e+03
1.462045194999999921e+03
1.462078706000000011e+03
1.462112215999999989e+03
1.462145725999999968e+03
1.462179237000000057e+03
1.462212747000000036e+03
1.462246257999999898e+03
1.462279768000000104e+03
1.462313278000000082e+03
1.462346788999999944e+03
1.462380298999999923e+03
1.462413810000000012e+03
1.462447319999999991e+03
1.462480829999999969e+03
1.462514341000000059e+03
1.462547851000000037e+03
1.462581361999999899e+03
1.462614872000000105e+03
1.462648382000000083e+03
1.462681892999999945e+03
1.462715402999999924e+03
1.462748914000000013e+03
1.462782423999999992e+03
1.462815933999999970e+03
1.462849445000000060e+03
1.462882955000000038e+03
1.462916465999999900e+03
1.462949976000000106e+03
1.462983486000000084e+03
1.463016996999999947e+03
1.463050506999999925e+03
1.463084018000000015e+03
1.463117527999999993e+03
1.463151037999999971e+03
1.463184549000000061e+03
1.463218059000000039e+03
1.463251569999999901e+03
1.463285080000000107e+03
1.463318590000000086e+03
1.463352100999999948e+03
1.463385610999999926e+03
1.463419122000000016e+03
1.463452631999999994e+03
1.463486141999999973e+03
1.463519653000000062e+03
1.463553163000000040e+03
1.463586673999999903e+03
1.463620184000000108e+03
1.463653694000000087e+03
1.463687204999999949e+03
1.463720714999999927e+03
1.463754226000000017e+03
1.463787735999999995e+03
1.463821245999999974e+03
1.463854757000000063e+03
1.463888267000000042e+03
1.463921777999999904e+03
1.463955288000000110e+03
1.463988798000000088e+03
1.464022308999999950e+03
1.464055818999999929e+03
1.464089330000000018e+03
1.464122839999999997e+03
1.464156349999999975e+03
1.464189861000000064e+03
1.464223371000000043e+03
1.464256881999999905e+03
1.464290392000000111e+03
1.464323902000000089e+03
1.464357412999999951e+03
1.464390922999999930e+03
1.464424434000000019e+03
1.464457943999999998e+03
1.464491453999999976e+03
1.464524965000000066e+03
1.464558475000000044e+03
1.464591985999999906e+03
1.464625496000000112e+03
1.464659006000000090e+03
1.464692516999999953e+03
1.464726026999999931e+03
1.464759538000000020e+03
1.464793047999999999e+03
1.464826557999999977e+03
1.464860069000000067e+03
1.464893579000000045e+03
1.464927089999999907e+03
1.464960600000000113e+03
1.464994110000000092e+03
1.465027620999999954e+03
1.465061130999999932e+03
1.465094642000000022e+03
1.465128152000000000e+03
1.465161661999999978e+03
1.465195173000000068e+03
1.465228683000000046e+03
1.465262193999999909e+03
1.465295703999999887e+03
1.465329214000000093e+03
1.465362724999999955e+03
1.465396234999999933e+03
1.465429746000000023e+03
1.465463256000000001e+03
1.465496765999999980e+03
1.465530277000000069e+03
1.465563787000000048e+03
1.465597297999999910e+03
1.465630807999999888e+03
1.465664318000000094e+03
1.465697828999999956e+03
1.465731338999999934e+03
1.465764850000000024e+03
1.465798360000000002e+03
1.465831869999999981e+03
1.465932401999999911e+03
1.465965911999999889e+03
1.465999422000000095e+03
1.466032932999999957e+03
1.466066442999999936e+03
1.466099954000000025e+03
1.466133464000000004e+03
1.466166973999999982e+03
1.466200485000000072e+03
1.466233995000000050e+03
1.466267505999999912e+03
1.466301015999999890e+03
1.466334526000000096e+03
1.466368036999999958e+03
1.466401546999999937e+03
1.466435058000000026e+03
1.466468568000000005e+03
1.466502077999999983e+03
1.466535589000000073e+03
1.466569099000000051e+03
1.466602609999999913e+03
1.466636119999999892e+03
1.466669630000000097e+03
1.466703140999999960e+03
1.466736650999999938e+03
1.466770162000000028e+03
1.466803672000000006e+03
1.466837181999999984e+03
1.466870693000000074e+03
1.466904203000000052e+03
1.466937713999999914e+03
1.466971223999999893e+03
1.467004734000000099e+03
1.467038244999999961e+03
1.467071754999999939e+03
1.467105266000000029e+03
1.467138776000000007e+03
1.467172285999999986e+03
1.467205797000000075e+03
1.467239307000000053e+03
1.467272817999999916e+03
1.467306327999999894e+03
1.467339838000000100e+03
1.467373348999999962e+03
1.467406858999999940e+03
1.467440370000000030e+03
1.467473880000000008e+03
1.467507389999999987e+03
1.467540901000000076e+03
1.467574411000000055e+03
1.467607921999999917e+03
1.467641431999999895e+03
1.467674942000000101e+03
1.467708452999999963e+03
1.467741962999999942e+03
1.467775474000000031e+03
1.467808984000000009e+03
1.467842493999999988e+03
1.467876005000000077e+03
1.467909515000000056e+03
1.467943025999999918e+03
1.467976535999999896e+03
1.468010046000000102e+03
1.468043556999999964e+03
1.468077066999999943e+03
1.468110578000000032e+03
1.468144088000000011e+03
1.468177597999999989e+03
1.468211109000000079e+03
1.468244619000000057e+03
1.468278129999999919e+03
1.468311639999999898e+03
1.468345150000000103e+03
1.468378660999999965e+03
1.468412170999999944e+03
1.468445682000000033e+03
1.468479192000000012e+03
1.468512701999999990e+03
1.468546213000000080e+03
1.468579723000000058e+03
1.468613233999999920e+03
1.468646743999999899e+03
1.468680254000000104e+03
1.468713764999999967e+03
1.468747274999999945e+03
1.468780786000000035e+03
1.468814296000000013e+03
1.468847805999999991e+03
1.468881317000000081e+03
1.468914827000000059e+03
1.468948337999999922e+03
1.468981847999999900e+03
1.469015358000000106e+03
1.469048868999999968e+03
1.469082378999999946e+03
1.469115890000000036e+03
1.469149400000000014e+03
1.469182909999999993e+03
1.469216421000000082e+03
1.469249931000000061e+03
1.469283441999999923e+03
1.469316951999999901e+03
1.469350462000000107e+03
1.469383972999999969e+03
1.469417482999999947e+03
1.469450994000000037e+03
1.469484504000000015e+03
1.469518013999999994e+03
1.469551525000000083e+03
1.469585035000000062e+03
1.469618545999999924e+03
1.469652055999999902e+03
1.469685566000000108e+03
1.469719076999999970e+03
1.469786098000000038e+03
1.469819608000000017e+03
1.469853117999999995e+03
1.469886629000000084e+03
1.469953649999999925e+03
1.469987159999999903e+03
1.470020670000000109e+03
1.470054180999999971e+03
1.470087690999999950e+03
1.470121202000000039e+03
1.470154712000000018e+03
1.470188221999999996e+03
1.470221733000000086e+03
1.470255243000000064e+03
1.470288753999999926e+03
1.470322263999999905e+03
1.470355774000000110e+03
1.470389284999999973e+03
1.470456306000000041e+03
1.470489816000000019e+03
1.470556837000000087e+03
1.470590347000000065e+03
1.470657367999999906e+03
1.470690878000000112e+03
1.470724388999999974e+03
1.470824920000000020e+03
1.470891941000000088e+03
1.470925451000000066e+03
1.470992471999999907e+03
1.471059492999999975e+03
1.471126514000000043e+03
1.471193534000000000e+03
1.471227045000000089e+03
1.471260555000000068e+03
1.471327575999999908e+03
1.471361085999999887e+03
1.471394596999999976e+03
1.471461618000000044e+03
1.471495128000000022e+03
1.471528638000000001e+03
1.471595659000000069e+03
1.471629169999999931e+03
1.471696189999999888e+03
1.471729700999999977e+03
1.471763210999999956e+03
1.471830232000000024e+03
1.471863742000000002e+03
1.471897253000000092e+03
1.471930763000000070e+03
1.471964273999999932e+03
1.471997783999999911e+03
1.472031293999999889e+03
1.472064804999999978e+03
1.472098314999999957e+03
1.472131826000000046e+03
1.472165336000000025e+03
1.472198846000000003e+03
1.472232357000000093e+03
1.472265867000000071e+03
1.472299377999999933e+03
1.472366397999999890e+03
1.472399908999999980e+03
1.472433418999999958e+03
1.472466930000000048e+03
1.472500440000000026e+03
1.472533950000000004e+03
1.472567461000000094e+03
1.472600971000000072e+03
1.472634481999999934e+03
1.472667991999999913e+03
1.472701501999999891e+03
1.472735012999999981e+03
1.472768522999999959e+03
1.472802034000000049e+03
1.472835544000000027e+03
1.472869054000000006e+03
1.472902565000000095e+03
1.472936075000000073e+03
1.472969585999999936e+03
1.473003095999999914e+03
1.473036605999999892e+03
1.473070116999999982e+03
1.473103626999999960e+03
1.473137138000000050e+03
1.473170648000000028e+03
1.473204158000000007e+03
1.473237669000000096e+03
1.473271179000000075e+03
1.473304689999999937e+03
1.473338199999999915e+03
1.473371709999999894e+03
1.473405220999999983e+03
1.473438730999999962e+03
1.473472242000000051e+03
1.473505752000000030e+03
1.473539262000000008e+03
1.473572773000000097e+03
1.473606283000000076e+03
1.473673303999999916e+03
1.473706813999999895e+03
1.473740324999999984e+03
1.473773834999999963e+03
1.473807346000000052e+03
1.473840856000000031e+03
1.473874366000000009e+03
1.473907877000000099e+03
1.473941387000000077e+03
1.473974897999999939e+03
1.474008407999999918e+03
1.474041917999999896e+03
1.474075428999999986e+03
1.474108938999999964e+03
1.474142450000000053e+03
1.474175960000000032e+03
1.474209470000000010e+03
1.474242981000000100e+03
1.474276491000000078e+03
1.474310001999999940e+03
1.474343511999999919e+03
1.474377021999999897e+03
1.474410532999999987e+03
1.474444042999999965e+03
1.474477554000000055e+03
1.474511064000000033e+03
1.474544574000000011e+03
1.474578085000000101e+03
1.474611595000000079e+03
1.474645105999999942e+03
1.474678615999999920e+03
1.474712125999999898e+03
1.474745636999999988e+03
1.474779146999999966e+03
1.474812658000000056e+03
1.474846168000000034e+03
1.474879678000000013e+03
1.474913189000000102e+03
1.474946699000000081e+03
1.474980209999999943e+03
1.475013719999999921e+03
1.475047229999999900e+03
1.475080740999999989e+03
1.475114250999999967e+03
1.475147762000000057e+03
1.475181272000000035e+03
1.475214782000000014e+03
1.475248293000000103e+03
1.475281803000000082e+03
1.475315313999999944e+03
1.475348823999999922e+03
1.475382333999999901e+03
1.475415844999999990e+03
1.475449354999999969e+03
1.475482866000000058e+03
1.475516376000000037e+03
1.475549886000000015e+03
1.475583397000000105e+03
1.475616907000000083e+03
1.475650417999999945e+03
1.475683927999999923e+03
1.475717437999999902e+03
1.475750948999999991e+03
1.475784458999999970e+03
1.475817970000000059e+03
1.475851480000000038e+03
1.475884990000000016e+03
1.475918501000000106e+03
1.475952011000000084e+03
1.475985521999999946e+03
1.476019031999999925e+03
1.476052541999999903e+03
1.476086052999999993e+03
1.476119562999999971e+03
1.476153074000000061e+03
1.476186584000000039e+03
1.476220094000000017e+03
1.476253605000000107e+03
1.476287115000000085e+03
1.476320625999999947e+03
1.476354135999999926e+03
1.476387645999999904e+03
1.476421156999999994e+03
1.476454666999999972e+03
1.476488178000000062e+03
1.476521688000000040e+03
1.476555198000000019e+03
1.476588709000000108e+03
1.476622219000000086e+03
1.476655729999999949e+03
1.476689239999999927e+03
1.476722749999999905e+03
1.476756260999999995e+03
1.476789770999999973e+03
1.476823282000000063e+03
1.476856792000000041e+03
1.476890302000000020e+03
1.476923813000000109e+03
1.476990833999999950e+03
1.477024343999999928e+03
1.477057853999999907e+03
1.477091364999999996e+03
1.477124874999999975e+03
1.477158386000000064e+03
1.477191896000000042e+03
1.477225406000000021e+03
1.477258917000000110e+03
1.477292427000000089e+03
1.477325937999999951e+03
1.477359447999999929e+03
1.477392957999999908e+03
1.477426468999999997e+03
1.477459978999999976e+03
1.477493490000000065e+03
1.477527000000000044e+03
1.477560510000000022e+03
1.477594021000000112e+03
1.477627531000000090e+03
1.477661041999999952e+03
1.477694551999999931e+03
1.477728061999999909e+03
1.477761572999999999e+03
1.477795082999999977e+03
1.477828594000000066e+03
1.477895614000000023e+03
1.477929125000000113e+03
1.477962635000000091e+03
1.477996145999999953e+03
1.478029655999999932e+03
1.478063165999999910e+03
1.478096677000000000e+03
1.478130186999999978e+03
1.478163698000000068e+03
1.478197208000000046e+03
1.478230718000000024e+03
1.478264228999999887e+03
1.478297739000000092e+03
1.478331249999999955e+03
1.478364759999999933e+03
1.478398269999999911e+03
1.478431781000000001e+03
1.478498802000000069e+03
1.478532312000000047e+03
1.478565822000000026e+03
1.478599332999999888e+03
1.478632843000000094e+03
1.478666353999999956e+03
1.478699863999999934e+03
1.478733373999999912e+03
1.478766885000000002e+03
1.478800394999999980e+03
1.478833906000000070e+03
1.478867416000000048e+03
1.478900926000000027e+03
1.478934436999999889e+03
1.478967947000000095e+03
1.479034967999999935e+03
1.479068477999999914e+03
1.479101989000000003e+03
1.479135498999999982e+03
1.479169010000000071e+03
1.479202520000000050e+03
1.479236030000000028e+03
1.479269540999999890e+03
1.479303051000000096e+03
1.479336561999999958e+03
1.479370071999999936e+03
1.479403581999999915e+03
1.479437093000000004e+03
1.479470602999999983e+03
1.479504114000000072e+03
1.479537624000000051e+03
1.479571134000000029e+03
1.479604644999999891e+03
1.479638155000000097e+03
1.479671665999999959e+03
1.479705175999999938e+03
1.479738685999999916e+03
1.479772197000000006e+03
1.479805706999999984e+03
1.479839218000000074e+03
1.479872728000000052e+03
1.479939748999999892e+03
1.479973259000000098e+03
1.480006769999999960e+03
1.480040279999999939e+03
1.480073789999999917e+03
1.480107301000000007e+03
1.480140810999999985e+03
1.480174322000000075e+03
1.480207832000000053e+03
1.480241342000000031e+03
1.480274852999999894e+03
1.480308363000000099e+03
1.480341873999999962e+03
1.480375383999999940e+03
1.480408893999999918e+03
1.480442405000000008e+03
1.480475914999999986e+03
1.480509426000000076e+03
1.480576446000000033e+03
1.480643467000000101e+03
1.480676977999999963e+03
1.480743997999999920e+03
1.480777509000000009e+03
1.480811018999999987e+03
1.480844530000000077e+03
1.480911550000000034e+03
1.480945060999999896e+03
1.480978571000000102e+03
1.481012081999999964e+03
1.481045591999999942e+03
1.481112613000000010e+03
1.481146122999999989e+03
1.481179634000000078e+03
1.481213144000000057e+03
1.481246654000000035e+03
1.481280164999999897e+03
1.481347185999999965e+03
1.481380695999999944e+03
1.481414205999999922e+03
1.481481226999999990e+03
1.481514738000000079e+03
1.481548248000000058e+03
1.481581758000000036e+03
1.481615268999999898e+03
1.481648779000000104e+03
1.481682289999999966e+03
1.481749309999999923e+03
1.481782821000000013e+03
1.481816330999999991e+03
1.481849842000000081e+03
1.481883352000000059e+03
1.481916862000000037e+03
1.481950372999999900e+03
1.481983883000000105e+03
1.482017393999999967e+03
1.482050903999999946e+03
1.482084413999999924e+03
1.482117925000000014e+03
1.482151434999999992e+03
1.482184946000000082e+03
1.482218456000000060e+03
1.482251966000000039e+03
1.482285476999999901e+03
1.482318987000000106e+03
1.482352497999999969e+03
1.482386007999999947e+03
1.482419517999999925e+03
1.482453029000000015e+03
1.482486538999999993e+03
1.482553560000000061e+03
1.482587070000000040e+03
1.482620580999999902e+03
1.482654091000000108e+03
1.482687601999999970e+03
1.482721111999999948e+03
1.482754621999999927e+03
1.482788133000000016e+03
1.482821642999999995e+03
1.482855154000000084e+03
1.482888664000000063e+03
1.482922174000000041e+03
1.482955684999999903e+03
1.482989195000000109e+03
1.483022705999999971e+03
1.483089725999999928e+03
1.483156746999999996e+03
1.483257278000000042e+03
1.483290788999999904e+03
1.483324299000000110e+03
1.483357809999999972e+03
1.483424829999999929e+03
1.483458341000000019e+03
1.483525362000000086e+03
1.483592382000000043e+03
1.483659403000000111e+03
1.483692913999999973e+03
1.483726423999999952e+03
1.483759933999999930e+03
1.483793445000000020e+03
1.483826954999999998e+03
1.483860466000000088e+03
1.483893976000000066e+03
1.483927486000000044e+03
1.483960996999999907e+03
1.483994507000000112e+03
1.484061527999999953e+03
1.484128549000000021e+03
1.484162058999999999e+03
1.484229080000000067e+03
1.484262590000000046e+03
1.484296100999999908e+03
1.484329611000000114e+03
1.484396631999999954e+03
1.484430141999999933e+03
1.484463653000000022e+03
1.484497163000000000e+03
1.484530674000000090e+03
1.484564184000000068e+03
1.484631204999999909e+03
1.484664714999999887e+03
1.484698225999999977e+03
1.484731735999999955e+03
1.484798757000000023e+03
1.484832267000000002e+03
1.484865778000000091e+03
1.484899288000000070e+03
1.484932798000000048e+03
1.484966308999999910e+03
1.484999818999999889e+03
1.485033329999999978e+03
1.485066839999999956e+03
1.485133861000000024e+03
1.485167371000000003e+03
1.485200882000000092e+03
1.485234392000000071e+03
1.485301412999999911e+03
1.485334922999999890e+03
1.485401943999999958e+03
1.485435453999999936e+03
1.485468965000000026e+03
1.485502475000000004e+03
1.485535986000000094e+03
1.485569496000000072e+03
1.485603006000000050e+03
1.485636516999999913e+03
1.485703537999999980e+03
1.485737047999999959e+03
1.485770557999999937e+03
1.485804069000000027e+03
1.485837579000000005e+03
1.485871090000000095e+03
1.485904600000000073e+03
1.485971620999999914e+03
1.486005130999999892e+03
1.486038641999999982e+03
1.486072151999999960e+03
1.486105661999999938e+03
1.486139173000000028e+03
1.486172683000000006e+03
1.486206194000000096e+03
1.486239704000000074e+03
1.486273214000000053e+03
1.486306724999999915e+03
1.486340234999999893e+03
1.486373745999999983e+03
1.486407255999999961e+03
1.486440765999999940e+03
1.486474277000000029e+03
1.486507787000000008e+03
1.486541298000000097e+03
1.486574808000000075e+03
1.486608318000000054e+03
1.486641828999999916e+03
1.486675338999999894e+03
1.486708849999999984e+03
1.486742359999999962e+03
1.486775869999999941e+03
1.486809381000000030e+03
1.486842891000000009e+03
1.486876402000000098e+03
1.486909912000000077e+03
1.486943422000000055e+03
1.486976932999999917e+03
1.487043953999999985e+03
1.487077463999999964e+03
1.487144485000000032e+03
1.487211506000000099e+03
1.487245016000000078e+03
1.487278526000000056e+03
1.487312036999999918e+03
1.487345546999999897e+03
1.487379057999999986e+03
1.487412567999999965e+03
1.487446077999999943e+03
1.487479589000000033e+03
1.487513099000000011e+03
1.487546610000000101e+03
1.487580120000000079e+03
1.487613630000000057e+03
1.487647140999999920e+03
1.487680650999999898e+03
1.487714161999999988e+03
1.487747671999999966e+03
1.487781181999999944e+03
1.487814693000000034e+03
1.487848203000000012e+03
1.487881714000000102e+03
1.487915224000000080e+03
1.487948734000000059e+03
1.487982244999999921e+03
1.488015754999999899e+03
1.488049265999999989e+03
1.488082775999999967e+03
1.488116285999999945e+03
1.488149797000000035e+03
1.488183307000000013e+03
1.488216818000000103e+03
1.488250328000000081e+03
1.488283838000000060e+03
1.488317348999999922e+03
1.488350858999999900e+03
1.488384369999999990e+03
1.488417879999999968e+03
1.488451389999999947e+03
1.488484901000000036e+03
1.488518411000000015e+03
1.488551922000000104e+03
1.488585432000000083e+03
1.488618942000000061e+03
1.488652452999999923e+03
1.488685962999999902e+03
1.488719473999999991e+03
1.488752983999999969e+03
1.488786493999999948e+03
1.488820005000000037e+03
1.488853515000000016e+03
1.488887026000000105e+03
1.488920536000000084e+03
1.488954046000000062e+03
1.488987556999999924e+03
1.489021066999999903e+03
1.489054577999999992e+03
1.489088087999999971e+03
1.489121597999999949e+03
1.489155109000000039e+03
1.489188619000000017e+03
1.489222130000000107e+03
1.489289150000000063e+03
1.489356170999999904e+03
1.489389681999999993e+03
1.489423191999999972e+03
1.489456701999999950e+03
1.489490213000000040e+03
1.489523723000000018e+03
1.489557234000000108e+03
1.489590744000000086e+03
1.489624254000000064e+03
1.489657764999999927e+03
1.489691274999999905e+03
1.489724785999999995e+03
1.489758295999999973e+03
1.489791805999999951e+03
1.489858827000000019e+03
1.489925848000000087e+03
1.489959358000000066e+03
1.489992868999999928e+03
1.490059889999999996e+03
1.490126909999999953e+03
1.490160421000000042e+03
1.490227442000000110e+03
1.490260952000000088e+03
1.490294462000000067e+03
1.490361482999999907e+03
1.490428503999999975e+03
1.490462013999999954e+03
1.490529035000000022e+03
1.490596056000000090e+03
1.490629566000000068e+03
1.490763607999999977e+03
1.490797117999999955e+03
1.490897650000000112e+03
1.490931160000000091e+03
1.490964670000000069e+03
1.490998180999999931e+03
1.491065201999999999e+03
1.491132221999999956e+03
1.491199243000000024e+03
1.491266264000000092e+03
1.491299774000000070e+03
1.491333284999999933e+03
1.491366794999999911e+03
1.491400306000000000e+03
1.491433815999999979e+03
1.491467325999999957e+03
1.491534347000000025e+03
1.491567857999999887e+03
1.491601368000000093e+03
1.491634878000000072e+03
1.491668388999999934e+03
1.491701898999999912e+03
1.491735410000000002e+03
1.491768919999999980e+03
1.491802429999999958e+03
1.491835941000000048e+03
1.491869451000000026e+03
1.491902961999999889e+03
1.491936472000000094e+03
1.491969982000000073e+03
1.492003492999999935e+03
1.492037002999999913e+03
1.492070514000000003e+03
1.492104023999999981e+03
1.492137533999999960e+03
1.492171045000000049e+03
1.492204555000000028e+03
1.492238065999999890e+03
1.492271576000000096e+03
1.492305086000000074e+03
1.492338596999999936e+03
1.492372106999999914e+03
1.492405618000000004e+03
1.492439127999999982e+03
1.492472637999999961e+03
1.492506149000000050e+03
1.492539659000000029e+03
1.492573169999999891e+03
1.492606680000000097e+03
1.492640190000000075e+03
1.492673700999999937e+03
1.492707210999999916e+03
1.492740722000000005e+03
1.492774231999999984e+03
1.492807741999999962e+03
1.492841253000000052e+03
1.492908273999999892e+03
1.492941784000000098e+03
1.492975294000000076e+03
1.493008804999999938e+03
1.493075826000000006e+03
1.493109335999999985e+03
1.493142845999999963e+03
1.493176357000000053e+03
1.493209867000000031e+03
1.493243377999999893e+03
1.493276888000000099e+03
1.493310398000000077e+03
1.493343908999999940e+03
1.493377418999999918e+03
1.493410930000000008e+03
1.493444439999999986e+03
1.493477949999999964e+03
1.493511461000000054e+03
1.493544971000000032e+03
1.493578481999999894e+03
1.493611992000000100e+03
1.493645502000000079e+03
1.493679012999999941e+03
1.493712522999999919e+03
1.493746034000000009e+03
1.493779543999999987e+03
1.493813053999999966e+03
1.493846565000000055e+03
1.493880075000000033e+03
1.493913585999999896e+03
1.493947096000000101e+03
1.493980606000000080e+03
1.494047626999999920e+03
1.494081138000000010e+03
1.494114647999999988e+03
1.494148157999999967e+03
1.494181669000000056e+03
1.494215179000000035e+03
1.494248689999999897e+03
1.494282200000000103e+03
1.494315710000000081e+03
1.494349220999999943e+03
1.494382730999999922e+03
1.494416242000000011e+03
1.494449751999999989e+03
1.494483261999999968e+03
1.494516773000000057e+03
1.494550283000000036e+03
1.494583793999999898e+03
1.494617304000000104e+03
1.494650814000000082e+03
1.494684324999999944e+03
1.494717834999999923e+03
1.494751346000000012e+03
1.494784855999999991e+03
1.494818365999999969e+03
1.494851877000000059e+03
1.494885387000000037e+03
1.494918897999999899e+03
1.494952408000000105e+03
1.494985918000000083e+03
1.495019428999999946e+03
1.495052938999999924e+03
1.495086450000000013e+03
1.495119959999999992e+03
1.495153469999999970e+03
1.495186981000000060e+03
1.495220491000000038e+03
1.495254001999999900e+03
1.495321022000000085e+03
1.495354532999999947e+03
1.495388042999999925e+03
1.495421554000000015e+03
1.495455063999999993e+03
1.495488573999999971e+03
1.495522085000000061e+03
1.495555595000000039e+03
1.495589105999999902e+03
1.495622616000000107e+03
